$eta_opt
[1] 1.053643 1.265970 1.264967 0.842528 1.687540

$eta_bias
[1] -0.06341161 -0.07625060 -0.07521099 -0.05192452 -0.10411711

$eta_sd
[1] 0.1515455 0.1794116 0.1806198 0.1196557 0.2335301

$M_est_mean
[1] 1.201125

$M_est_sd
[1] 4.444415

$V_est_mean
[1] 0.8039356

$V_est_sd
[1] 0.0690957

$V_clin_mean
[1] 0.8036525

$V_clin_sd
[1] 0.06850883

$VY_est_mean
[1] 0.6908566

$VY_est_sd
[1] 0.05804782

$VY_clin_mean
[1] 0.6907774

$VY_clin_sd
[1] 0.05806339

$VZ_est_mean
[1] -0.1127535

$VZ_est_sd
[1] 0.0333679

$VZ_clin_mean
[1] -0.112875

$VZ_clin_sd
[1] 0.0333741

$pcd_mean
[1] 0.995029

$pcd_sd
[1] 0.002640759

$PCD_vec
  [1] 0.9970 0.9945 0.9945 0.9955 0.9900 0.9945 0.9945 0.9895 0.9965 0.9980
 [11] 0.9960 0.9930 0.9935 0.9975 0.9970 0.9990 0.9950 0.9965 0.9940 0.9960
 [21] 0.9900 0.9975 0.9965 0.9955 0.9945 0.9935 0.9975 0.9985 0.9910 0.9975
 [31] 0.9975 0.9875 0.9970 0.9940 0.9920 0.9955 0.9970 0.9970 0.9965 0.9905
 [41] 0.9930 0.9915 0.9890 0.9920 0.9990 0.9925 0.9925 0.9970 0.9955 0.9960
 [51] 0.9965 0.9970 0.9980 0.9915 0.9970 0.9985 0.9975 0.9960 0.9860 0.9940
 [61] 0.9895 0.9915 0.9950 0.9985 0.9965 0.9955 0.9910 0.9940 0.9960 0.9960
 [71] 0.9930 0.9885 0.9910 0.9965 0.9920 0.9915 0.9895 0.9925 0.9915 0.9965
 [81] 0.9945 0.9900 0.9985 0.9980 0.9965 0.9880 0.9845 0.9925 0.9910 0.9995
 [91] 0.9935 0.9925 0.9960 0.9920 0.9975 0.9980 0.9940 0.9940 0.9965 0.9920
[101] 0.9950 0.9925 0.9975 0.9935 0.9965 0.9930 0.9945 0.9955 1.0000 0.9955
[111] 0.9950 0.9965 0.9955 0.9935 0.9970 0.9985 0.9915 0.9955 0.9920 0.9900
[121] 0.9940 0.9945 0.9940 0.9915 0.9990 0.9965 0.9940 0.9960 0.9965 0.9970
[131] 0.9935 0.9965 0.9960 0.9930 0.9985 0.9960 0.9930 0.9980 0.9945 0.9990
[141] 0.9965 0.9895 0.9905 0.9940 0.9935 0.9935 0.9975 0.9960 0.9925 0.9965
[151] 0.9975 0.9960 0.9940 0.9985 0.9950 0.9915 0.9925 0.9930 0.9980 0.9980
[161] 0.9970 0.9960 0.9965 0.9960 0.9955 0.9985 0.9940 0.9935 0.9895 0.9970
[171] 0.9960 0.9940 0.9950 0.9950 0.9960 0.9985 0.9945 0.9930 0.9925 0.9940
[181] 0.9950 0.9935 0.9955 0.9965 0.9975 0.9950 0.9930 0.9965 0.9985 0.9950
[191] 0.9930 0.9970 0.9920 0.9965 0.9975 0.9970 0.9945 0.9955 0.9920 0.9995
[201] 0.9960 0.9935 0.9965 0.9960 0.9905 0.9990 0.9970 0.9975 0.9980 0.9990
[211] 0.9940 0.9925 0.9970 0.9965 0.9935 0.9925 0.9960 0.9955 0.9980 0.9965
[221] 0.9910 0.9950 0.9975 0.9980 0.9995 0.9965 0.9950 0.9960 0.9950 0.9965
[231] 0.9935 0.9940 0.9920 0.9920 0.9905 0.9955 0.9985 0.9965 0.9970 0.9955
[241] 0.9920 0.9990 0.9925 0.9950 0.9935 0.9915 0.9880 0.9930 0.9960 0.9945
[251] 0.9985 0.9980 0.9965 0.9930 0.9955 0.9960 0.9995 0.9985 0.9975 0.9995
[261] 0.9945 0.9985 0.9935 0.9935 0.9920 0.9940 0.9885 0.9930 0.9940 0.9970
[271] 0.9915 0.9980 0.9975 0.9960 0.9955 0.9960 0.9960 0.9950 0.9960 0.9970
[281] 0.9940 0.9945 0.9935 0.9880 0.9960 0.9900 0.9925 0.9965 0.9945 0.9940
[291] 0.9940 0.9965 0.9970 0.9940 0.9975 0.9920 0.9970 0.9975 0.9925 0.9950
[301] 0.9975 0.9970 0.9970 0.9965 0.9950 0.9920 0.9905 0.9955 0.9925 0.9930
[311] 0.9950 0.9985 0.9965 0.9980 0.9970 0.9960 0.9990 0.9980 0.9925 0.9940
[321] 0.9980 0.9940 0.9960 0.9925 0.9985 0.9965 0.9940 0.9980 0.9965 0.9965
[331] 0.9945 0.9955 0.9955 0.9945 0.9980 0.9970 0.9890 0.9960 0.9965 0.9915
[341] 0.9980 0.9995 0.9955 0.9915 0.9925 0.9965 0.9935 0.9935 0.9925 0.9950
[351] 0.9980 0.9950 0.9980 0.9955 0.9995 0.9885 0.9935 0.9975 0.9930 0.9995
[361] 0.9980 0.9925 0.9970 0.9945 0.9985 0.9965 0.9930 0.9940 0.9955 0.9885
[371] 0.9945 0.9900 0.9970 0.9965 0.9960 0.9980 0.9950 0.9940 0.9910 0.9930
[381] 0.9910 0.9975 0.9975 0.9980 0.9905 0.9920 0.9935 0.9940 0.9965 0.9955
[391] 0.9930 0.9970 0.9965 0.9975 0.9935 0.9955 0.9985 0.9960 0.9960 1.0000
[401] 0.9950 0.9995 0.9980 0.9900 0.9940 0.9960 0.9965 0.9980 0.9950 0.9970
[411] 0.9945 0.9985 0.9945 0.9905 0.9905 0.9945 0.9955 0.9980 0.9945 0.9970
[421] 0.9970 0.9925 0.9935 0.9915 0.9955 0.9950 0.9940 0.9975 0.9960 0.9950
[431] 0.9965 0.9950 0.9890 0.9965 0.9970 0.9975 0.9905 0.9925 0.9970 0.9945
[441] 0.9970 0.9965 0.9930 0.9975 0.9990 0.9965 0.9980 0.9965 0.9980 0.9980
[451] 0.9950 0.9980 0.9950 0.9955 0.9970 0.9985 0.9950 0.9985 0.9950 0.9950
[461] 0.9970 0.9960 0.9935 0.9955 0.9935 0.9985 0.9975 0.9940 0.9950 0.9955
[471] 0.9955 0.9935 0.9950 0.9940 0.9930 0.9970 0.9895 0.9945 0.9960 0.9955
[481] 0.9925 0.9970 0.9880 0.9930 0.9925 0.9950 0.9990 0.9915 0.9940 0.9950
[491] 0.9930 0.9930 0.9975 0.9985 0.9985 0.9920 0.9925 0.9975 0.9975 0.9960

$M_est_vec
  [1]   1.0444369   1.0000000   0.9943118   1.0706465   0.9933255   1.0598873
  [7]   1.0553030   1.0422565   1.0091690   1.0295294   1.0079779   1.0511044
 [13]   1.0011712   0.9292386   1.0393058   0.9787957   1.0649904   0.9567459
 [19]   1.0022251   0.9819976   0.9727487   0.9805889   0.9843565   0.9706567
 [25]   1.0541690   1.0234017   1.0400514   0.9902933   1.0251302   1.0348874
 [31]   0.9830520   1.0197313   1.0490744   0.9759740   0.9852529   0.9847593
 [37]   1.0546938   1.0385149   0.9970513   1.0164920   0.9526650   1.0503475
 [43]   0.9798869   0.9355865   0.9308832   1.0135693   1.0253896   0.9568865
 [49]   0.9674280   0.9864530   0.9222943   0.9824937   0.9950661   0.9957284
 [55]   0.9973406   1.0227773   0.9817123   0.9170903   1.0142509   1.0706555
 [61]   0.9312724   1.0432520   0.9559473   1.0175983   0.9467012   1.0756933
 [67]   1.0758723   1.0047184   1.0239079   1.0426112   1.0367744   1.0099739
 [73]   0.9622812   0.9410297   0.9922665   1.0270913   0.9927215   1.0596164
 [79]   1.0424569   1.0521178   1.0560256   1.0410789   1.0811007   0.9838660
 [85]   1.0587069   1.0532871 100.3774017   1.0531323   1.0301915   0.9981860
 [91]   0.8841849   0.9227338   1.0446463   0.8765810   0.9960661   0.9749044
 [97]   0.9993285   0.9477177   0.9807317   0.9634900   1.0397859   0.8422794
[103]   1.0495597   1.0358195   0.9902907   0.9480546   1.0126879   1.0057282
[109]   1.0081038   1.0672883   1.0833890   1.0517826   1.0374350   1.0093228
[115]   0.9781873   0.9764810   0.9392303   0.9263620   1.0387325   1.0540089
[121]   0.9981867   0.9740291   1.0000000   1.0227151   1.0064068   1.0173704
[127]   0.9283335   1.0885330   0.9708990   1.0347614   1.1023344   1.0481801
[133]   0.9729240   0.9614865   0.9695946   0.9580743   1.0291954   0.9924156
[139]   1.0480404   1.0154625   1.0651520   0.9014342   0.9414424   1.0041536
[145]   0.9960630   1.0216151   0.9301974   1.0008507   0.9893423   0.9788739
[151]   1.1157241   0.9075696   0.9826320   0.9914573   1.0102492   0.9479347
[157]   0.9328208   1.0075090   0.9829845   0.9730224   1.0283052   1.0113443
[163]   1.0280996   1.0049157   0.9850729   1.0137099   1.0056807   1.0064901
[169]   1.0410954   0.9927796   0.9967394   1.0845336   1.0548137   0.9306724
[175]   1.0304205   0.9900783   0.9767487   0.9999851   1.0053254   0.9108520
[181]   1.0322727   0.9964885   1.0355703   1.0583599   0.9937070   1.0288319
[187]   0.9534994   1.0933319   1.0224519   1.0404235   0.9446944   0.9656222
[193]   0.9843080   0.9774011   0.9295925   1.0281611   0.9950745   0.9458414
[199]   1.0076197   1.0200677   0.9861828   0.9710423   0.9427115   1.0376495
[205]   1.0353744   0.9337729   1.0307214   0.9853033   1.0140811   1.0407003
[211]   1.0222179   1.0301426   1.0092730   0.9745322   0.9315734   0.9951311
[217]   1.0220522   0.9269302   1.0243041   1.0699537   0.9736453   1.0523965
[223]   0.9929788   0.9553442   0.9907425   0.9092059   0.9858409   1.0064878
[229]   1.0163064   0.9429243   0.9845005   0.9829359   1.0360956   0.9300216
[235]   1.0167560   1.0240342   0.9992019   0.9600607   1.0293962   1.0249704
[241]   0.9477456   0.9607079   0.9892672   1.0593444   0.9905263   1.0018941
[247]   0.9834587   1.0370648   1.0001059   0.9082081   1.0158587   1.0688019
[253]   1.0258133   1.0841289   1.0191844   1.0427546   0.9973089   0.9863558
[259]   1.0206082   1.0000133   1.0166000   1.0242150   1.0238248   0.9776326
[265]   1.1637243   0.9838761   0.9610867   1.0097541   0.9755873   1.1096160
[271]   0.9641276   1.0094802   0.9794670   0.9852077   1.0020270   0.9899181
[277]   1.0666615   0.9538591   0.9738550   1.0684310   0.9898919   0.9929591
[283]   1.0209774   1.0410331   1.0460865   0.9734656   1.0274912   1.0616983
[289]   0.9476495   0.9743865   1.0767977   0.9682183   1.0098976   1.0740794
[295]   0.9554904   1.0273851   0.9603915   0.9648786   0.9523713   0.9340178
[301]   0.9935159   1.0568457   1.0736793   0.9974397   0.9228836   1.0222798
[307]   0.9658023   0.9675956   0.9183053   0.9634747   1.0046396   0.9860534
[313]   1.0359539   0.9901163   1.0581504   0.9878552   0.9880887   1.0345804
[319]   1.0044015   1.0886549   0.9654461   0.9637921   1.0602518   0.9505367
[325]   0.9583809   1.0006155   0.9850166   1.0382939   1.0250371   0.9973823
[331]   0.9860183   1.0201480   0.9983363   1.0367175   0.9922008   0.9991898
[337]   0.9970751   1.0318199   0.9965159   0.9954204   0.9807852   0.9932078
[343]   0.9854018   1.0007004   1.1650160   0.9324852   1.0681579   1.0238062
[349]   0.8594626   0.9959603   1.0143051   1.0492482   0.9406749   1.0090014
[355]   1.0047084   0.9648195   1.0170610   1.0117278   0.9852420   0.9873779
[361]   1.0107280   0.9832149   0.9374707   1.0001172   0.9996859   1.0220925
[367]   0.9797091   1.0785687   0.9486374   0.9736989   0.9974245   0.9672199
[373]   1.0360301   1.0798617   1.0359367   1.0714863   0.9841021   1.0063157
[379]   1.0366329   1.0494481   0.9890986   0.9756305   1.0192864   1.0049906
[385]   0.9824263   0.9677738   0.9465392   0.9462614   0.9852886   1.0305153
[391]   0.8978164   1.0840237   0.9781125   0.9653157   1.0498465   0.9491375
[397]   1.0268099   1.0071249   1.0522256   1.0000000   1.0345153   0.9957339
[403]   1.0167389   1.0661951   1.0282334   0.9855880   1.0032491   0.9979153
[409]   1.1374283   1.0008387   0.9484948   0.9927021   0.9943924   0.9563270
[415]   0.9746028   1.0829106   0.9176882   1.0327715   0.9862402   1.0201808
[421]   0.9931063   0.9845378   0.9667084   0.9660994   1.0383186   0.9804271
[427]   1.0521878   1.0299650   1.0994063   0.9362985   1.0738245   0.9167173
[433]   1.0591930   0.9655566   0.9695166   0.9712551   0.9712206   1.0257945
[439]   1.0450260   1.0461008   0.9639877   1.0078154   0.9842053   1.0602025
[445]   1.0021644   1.0338123   1.0111956   1.0859036   1.0290193   0.9634761
[451]   1.0165927   1.0452772   1.0114167   0.9914227   0.9458282   1.0182380
[457]   1.0260700   0.9867354   1.0666202   0.8579077   0.8967069   0.9817394
[463]   0.9675750   0.9805184   1.0035305   1.0136050   1.0500055   1.0844393
[469]   1.0027595   1.0480489   0.9817239   0.9287432   0.9676688   1.0999861
[475]   1.0058141   1.0127786   0.9694425   0.9779221   1.0752971   1.0397527
[481]   1.0431259   1.0674878   0.9952649   0.9126225   1.0551750   0.9476441
[487]   1.0103862   0.9971799   0.9880329   1.0149447   1.0178083   0.9428555
[493]   1.0211035   0.9532142   0.9595954   1.0114450   1.0481440   1.0562056
[499]   0.9613829   1.0055234

$clin_v_all
            [,1]         [,2]
  [1,] 0.8430814 -0.125469050
  [2,] 0.6082546 -0.109692506
  [3,] 0.7342420 -0.125413186
  [4,] 0.7232616 -0.116328022
  [5,] 0.6425843 -0.127708747
  [6,] 0.6303419 -0.060672660
  [7,] 0.7032876 -0.140923197
  [8,] 0.7686295 -0.115915829
  [9,] 0.6407607 -0.161279680
 [10,] 0.7111357 -0.107588639
 [11,] 0.7700755 -0.051241315
 [12,] 0.6829435 -0.137163554
 [13,] 0.6413055 -0.109769710
 [14,] 0.7132609 -0.145245066
 [15,] 0.7442972 -0.117647953
 [16,] 0.7091250 -0.039300682
 [17,] 0.6483030 -0.083502808
 [18,] 0.6229496 -0.167754797
 [19,] 0.7293513 -0.158527651
 [20,] 0.6547916 -0.078291395
 [21,] 0.6026408 -0.167589896
 [22,] 0.8039850 -0.157292113
 [23,] 0.6073281 -0.112836466
 [24,] 0.7019329 -0.134753970
 [25,] 0.7014948 -0.206414066
 [26,] 0.6381198 -0.120281280
 [27,] 0.6269907 -0.028052686
 [28,] 0.7510941 -0.102150575
 [29,] 0.7334103 -0.092695202
 [30,] 0.7580914 -0.117245236
 [31,] 0.6769713 -0.147384334
 [32,] 0.5576832 -0.072678524
 [33,] 0.6775304 -0.112890783
 [34,] 0.6091691 -0.103667640
 [35,] 0.6978763 -0.149202351
 [36,] 0.7553608 -0.133574243
 [37,] 0.6492878 -0.087246419
 [38,] 0.6849797 -0.152217437
 [39,] 0.7625975 -0.090397262
 [40,] 0.6359855 -0.128232075
 [41,] 0.7295643 -0.089261215
 [42,] 0.7377700 -0.127666418
 [43,] 0.7201931 -0.169242565
 [44,] 0.6931892 -0.162657957
 [45,] 0.7928711 -0.142248320
 [46,] 0.6535461 -0.103004333
 [47,] 0.6233654 -0.133999089
 [48,] 0.7681978 -0.204502024
 [49,] 0.6512985 -0.103695997
 [50,] 0.6862386 -0.098922000
 [51,] 0.7146886 -0.102006719
 [52,] 0.6978230 -0.088581085
 [53,] 0.6429093 -0.083312573
 [54,] 0.7870470 -0.160600890
 [55,] 0.6813665 -0.112793350
 [56,] 0.6843532 -0.134076858
 [57,] 0.6898836 -0.095866025
 [58,] 0.7149705 -0.126675450
 [59,] 0.6449537 -0.090406012
 [60,] 0.6978564 -0.113649942
 [61,] 0.7087772 -0.085110017
 [62,] 0.7536758 -0.148241058
 [63,] 0.6900939 -0.197602282
 [64,] 0.6535119 -0.111967978
 [65,] 0.7042729 -0.097817871
 [66,] 0.6691510 -0.116130368
 [67,] 0.6544375 -0.137789151
 [68,] 0.6416775 -0.148782058
 [69,] 0.5955507 -0.106077598
 [70,] 0.6992245 -0.105981600
 [71,] 0.7370875 -0.092453470
 [72,] 0.6650888 -0.038347369
 [73,] 0.6139940 -0.185462264
 [74,] 0.6460763 -0.116427792
 [75,] 0.6159564 -0.162593875
 [76,] 0.7274633 -0.111075901
 [77,] 0.6603298 -0.088456370
 [78,] 0.7504125 -0.162296293
 [79,] 0.6616066 -0.166043967
 [80,] 0.7491075 -0.159068305
 [81,] 0.6352342 -0.112285145
 [82,] 0.7060082 -0.104141596
 [83,] 0.6317662 -0.109191233
 [84,] 0.7181886 -0.074672839
 [85,] 0.7041734 -0.124974970
 [86,] 0.5814694 -0.094859288
 [87,] 0.5647441  0.000000000
 [88,] 0.6150452 -0.086972133
 [89,] 0.7312695 -0.114313900
 [90,] 0.6393277 -0.125661791
 [91,] 0.6283372 -0.162468531
 [92,] 0.7219103 -0.123275593
 [93,] 0.6424454 -0.146035800
 [94,] 0.7426824 -0.118853802
 [95,] 0.7167987 -0.081677588
 [96,] 0.7268209 -0.165044477
 [97,] 0.6735995 -0.131953747
 [98,] 0.4913341 -0.112022623
 [99,] 0.6324998 -0.139802672
[100,] 0.7045853 -0.089991961
[101,] 0.6055807 -0.118116863
[102,] 0.7690025 -0.066048424
[103,] 0.6896302 -0.129485796
[104,] 0.6532031 -0.135605584
[105,] 0.7047146 -0.089065167
[106,] 0.6437558 -0.130827401
[107,] 0.6615858 -0.077531157
[108,] 0.6906131 -0.125664737
[109,] 0.6893811 -0.082780161
[110,] 0.7095374 -0.125212999
[111,] 0.6646076 -0.185029031
[112,] 0.6268726 -0.158054794
[113,] 0.7635426 -0.104619121
[114,] 0.7315517 -0.040273367
[115,] 0.7375182 -0.111018789
[116,] 0.6595010 -0.084861810
[117,] 0.6373475 -0.131645545
[118,] 0.6340390 -0.077728505
[119,] 0.6194240 -0.111039068
[120,] 0.7145200 -0.117144818
[121,] 0.7489259 -0.066001457
[122,] 0.5269213 -0.098012512
[123,] 0.6914778 -0.100308694
[124,] 0.7180157 -0.145079834
[125,] 0.7795479 -0.087328336
[126,] 0.7206593 -0.070516230
[127,] 0.6734606 -0.077598759
[128,] 0.7038422 -0.083253529
[129,] 0.7595622 -0.135132540
[130,] 0.6562410 -0.115911264
[131,] 0.6638634 -0.128433753
[132,] 0.7233249 -0.142249386
[133,] 0.8127540 -0.117928889
[134,] 0.7268829 -0.090109027
[135,] 0.7095935 -0.095355010
[136,] 0.7292136 -0.132042989
[137,] 0.7630364 -0.121129844
[138,] 0.5933156 -0.028153931
[139,] 0.6690217 -0.121899198
[140,] 0.6513179 -0.078757717
[141,] 0.7433482 -0.127779402
[142,] 0.6661831 -0.089590963
[143,] 0.6415820 -0.141552898
[144,] 0.6649645 -0.127136952
[145,] 0.6867477 -0.143078402
[146,] 0.5969377 -0.103111599
[147,] 0.7221510 -0.157861465
[148,] 0.6232610 -0.133755770
[149,] 0.6912143 -0.155067908
[150,] 0.5899380 -0.116581121
[151,] 0.7317536 -0.119669576
[152,] 0.7148402 -0.095411087
[153,] 0.6841325 -0.151618261
[154,] 0.7270886 -0.136173205
[155,] 0.6425341 -0.072316683
[156,] 0.6979329 -0.117717553
[157,] 0.8066173 -0.070220579
[158,] 0.6952918 -0.129416049
[159,] 0.6801848 -0.149350269
[160,] 0.7274690 -0.071309189
[161,] 0.7044956 -0.075605170
[162,] 0.6877335 -0.123909878
[163,] 0.6731321 -0.166414094
[164,] 0.6653370 -0.111036027
[165,] 0.7163546 -0.104502431
[166,] 0.7234131 -0.111497023
[167,] 0.6649965 -0.096482855
[168,] 0.6601423 -0.074295058
[169,] 0.6904005 -0.151113664
[170,] 0.6637721 -0.138358384
[171,] 0.6334371 -0.072264371
[172,] 0.7854555 -0.157314921
[173,] 0.7969594 -0.121380356
[174,] 0.6084237 -0.112224108
[175,] 0.7738537 -0.111061535
[176,] 0.6929810 -0.126301552
[177,] 0.7408009 -0.052003980
[178,] 0.6826932 -0.163226179
[179,] 0.6762062 -0.094317917
[180,] 0.7345754 -0.127878804
[181,] 0.7127861 -0.123537079
[182,] 0.7664924 -0.120068777
[183,] 0.7531983 -0.094313626
[184,] 0.6617561 -0.115307081
[185,] 0.7125826 -0.065171970
[186,] 0.7047016 -0.127075211
[187,] 0.7680790 -0.119096633
[188,] 0.7078664 -0.135428726
[189,] 0.6257381 -0.044614520
[190,] 0.8255332 -0.109330680
[191,] 0.7212650 -0.062201453
[192,] 0.6870348 -0.090210688
[193,] 0.7243032 -0.134608519
[194,] 0.7787840 -0.073825365
[195,] 0.6756967 -0.087169477
[196,] 0.7808914 -0.102026339
[197,] 0.5976382 -0.070494062
[198,] 0.6720934 -0.108072628
[199,] 0.6927183 -0.125390643
[200,] 0.7024334 -0.115305986
[201,] 0.7071030 -0.077834953
[202,] 0.7926300 -0.128052483
[203,] 0.6995012 -0.075861429
[204,] 0.6543901 -0.136805113
[205,] 0.6213538 -0.047917185
[206,] 0.7259440 -0.113147154
[207,] 0.7569634 -0.136000279
[208,] 0.6822356 -0.149187760
[209,] 0.6263479 -0.081041083
[210,] 0.6731306 -0.104266087
[211,] 0.6218411 -0.158528892
[212,] 0.6629177 -0.128332422
[213,] 0.6722995 -0.078716657
[214,] 0.6414734 -0.157322620
[215,] 0.7259836 -0.081324957
[216,] 0.7673997 -0.105160415
[217,] 0.6891337 -0.125188970
[218,] 0.6356976 -0.074869114
[219,] 0.7136908 -0.107176940
[220,] 0.7660651 -0.104206157
[221,] 0.6250470 -0.094963777
[222,] 0.6113877 -0.125408895
[223,] 0.6410641 -0.105499918
[224,] 0.5971609 -0.125838386
[225,] 0.6821433 -0.156415707
[226,] 0.6687374 -0.113891820
[227,] 0.7383877 -0.119060941
[228,] 0.6720675 -0.087883528
[229,] 0.6962951 -0.107861128
[230,] 0.8024501 -0.146866703
[231,] 0.6098504 -0.070380351
[232,] 0.6576001 -0.137631591
[233,] 0.7043386 -0.213637779
[234,] 0.6175063 -0.118729269
[235,] 0.6354871 -0.123800165
[236,] 0.6188414 -0.098816674
[237,] 0.7198315 -0.079281932
[238,] 0.7177837 -0.116255066
[239,] 0.8070252 -0.059471021
[240,] 0.7799115 -0.181973750
[241,] 0.6001495 -0.059801922
[242,] 0.6478481 -0.114271191
[243,] 0.6945847 -0.090185743
[244,] 0.6964470 -0.087576372
[245,] 0.6482932 -0.139265306
[246,] 0.6110489 -0.034506119
[247,] 0.6836347 -0.143006730
[248,] 0.8173435 -0.106071463
[249,] 0.6741136 -0.087011933
[250,] 0.5984049 -0.104599628
[251,] 0.5961887 -0.169370985
[252,] 0.7455547 -0.132117574
[253,] 0.7494038 -0.122784618
[254,] 0.7550703 -0.090412663
[255,] 0.7187686 -0.063351387
[256,] 0.6584697 -0.157825930
[257,] 0.6621228 -0.087465574
[258,] 0.6802599 -0.158700084
[259,] 0.6683443 -0.093010004
[260,] 0.8000823 -0.101511574
[261,] 0.6386163 -0.094140731
[262,] 0.6497316 -0.098594405
[263,] 0.7010924 -0.153591655
[264,] 0.6504885 -0.114702591
[265,] 0.6970242 -0.113005193
[266,] 0.7494371 -0.103052894
[267,] 0.6091607 -0.106529332
[268,] 0.6747249 -0.133692098
[269,] 0.6337359 -0.118013755
[270,] 0.7743480 -0.052237904
[271,] 0.6687070 -0.106892090
[272,] 0.6914627 -0.107674082
[273,] 0.7150232 -0.086377504
[274,] 0.7809365 -0.099173879
[275,] 0.6230202 -0.111102219
[276,] 0.7574923 -0.083408792
[277,] 0.7029748 -0.083221802
[278,] 0.7716208 -0.066208835
[279,] 0.6843231 -0.172750900
[280,] 0.7282796 -0.152764945
[281,] 0.6357553 -0.132343080
[282,] 0.7737349 -0.103790772
[283,] 0.7359944 -0.137163986
[284,] 0.6893974 -0.090481990
[285,] 0.7671137 -0.137608330
[286,] 0.7027543 -0.121157976
[287,] 0.6501352 -0.101957766
[288,] 0.7246579 -0.138352370
[289,] 0.7295595 -0.135969625
[290,] 0.7303465 -0.052725122
[291,] 0.7388499 -0.094666526
[292,] 0.6125451 -0.066992076
[293,] 0.6605716 -0.144189263
[294,] 0.6684984 -0.138837546
[295,] 0.8010675 -0.150852800
[296,] 0.7613987 -0.083274076
[297,] 0.6719641 -0.062570462
[298,] 0.7403512 -0.129671345
[299,] 0.6180071 -0.095242479
[300,] 0.7028660 -0.116237953
[301,] 0.7384727 -0.064009201
[302,] 0.5845956 -0.144370892
[303,] 0.6479140 -0.095674497
[304,] 0.7067166 -0.065788916
[305,] 0.7495445 -0.145040428
[306,] 0.7069675 -0.077672007
[307,] 0.6555544 -0.037231118
[308,] 0.7389406 -0.133087420
[309,] 0.8245683 -0.076714869
[310,] 0.6469339 -0.140012093
[311,] 0.6628431 -0.055351447
[312,] 0.6500746 -0.150223754
[313,] 0.6926367 -0.121916204
[314,] 0.7209665 -0.094553679
[315,] 0.6336312 -0.065996249
[316,] 0.6380216 -0.097345817
[317,] 0.7115687 -0.175739858
[318,] 0.6946449 -0.152972528
[319,] 0.7524636 -0.103783593
[320,] 0.8129775 -0.105161116
[321,] 0.6674567 -0.154682093
[322,] 0.6962594 -0.143182327
[323,] 0.7204934 -0.090688886
[324,] 0.6834269 -0.132010247
[325,] 0.6939243 -0.118137957
[326,] 0.7422217 -0.101990681
[327,] 0.6900716 -0.127252364
[328,] 0.6326575 -0.086618154
[329,] 0.6956847 -0.117827315
[330,] 0.7478471 -0.194643916
[331,] 0.6596087 -0.073675605
[332,] 0.6822243 -0.156011656
[333,] 0.7563521 -0.138836607
[334,] 0.7052339 -0.129095241
[335,] 0.6892597 -0.094861578
[336,] 0.7676272 -0.120552226
[337,] 0.6038002 -0.122388156
[338,] 0.7278233 -0.099987749
[339,] 0.7017723 -0.084978124
[340,] 0.7119348 -0.119612706
[341,] 0.6293335 -0.123886911
[342,] 0.7927987 -0.121483092
[343,] 0.6742954 -0.109378426
[344,] 0.6545560 -0.053194071
[345,] 0.7103652 -0.113043611
[346,] 0.7816916 -0.136527973
[347,] 0.6376985 -0.050084645
[348,] 0.7058851 -0.083398334
[349,] 0.7879864 -0.096613432
[350,] 0.6363531 -0.115938538
[351,] 0.6487244 -0.077416635
[352,] 0.6657429 -0.087121747
[353,] 0.7324331 -0.130859639
[354,] 0.6484517 -0.121911205
[355,] 0.7212863 -0.136447593
[356,] 0.6681332 -0.115776562
[357,] 0.6041612 -0.068550231
[358,] 0.7230102 -0.059886008
[359,] 0.7124872 -0.157320617
[360,] 0.7658888 -0.046929607
[361,] 0.6186015 -0.108208437
[362,] 0.7068226 -0.152806474
[363,] 0.6722984 -0.104241812
[364,] 0.7984114 -0.102923505
[365,] 0.7839538 -0.053274958
[366,] 0.7244576 -0.135005917
[367,] 0.6423543 -0.105868004
[368,] 0.7351681 -0.096549948
[369,] 0.6655664 -0.096446038
[370,] 0.5330885 -0.110482137
[371,] 0.7936583 -0.170427695
[372,] 0.6468322 -0.119495821
[373,] 0.6851019 -0.120573151
[374,] 0.6188066 -0.152611346
[375,] 0.6644919 -0.067422642
[376,] 0.7201409 -0.060903405
[377,] 0.7249815 -0.158954089
[378,] 0.6884787 -0.046819074
[379,] 0.7175603 -0.117859255
[380,] 0.7019940 -0.086489221
[381,] 0.6511230 -0.062325994
[382,] 0.7186049 -0.072979707
[383,] 0.6820124 -0.084113980
[384,] 0.7736279 -0.065720437
[385,] 0.5766091 -0.096280581
[386,] 0.7844618 -0.143495514
[387,] 0.6483192 -0.102516972
[388,] 0.7537240 -0.078247525
[389,] 0.7081045 -0.048991612
[390,] 0.6465522 -0.089536975
[391,] 0.4988113 -0.125915217
[392,] 0.7103416 -0.116055223
[393,] 0.6678243 -0.081149125
[394,] 0.7149944 -0.100700988
[395,] 0.7350573 -0.109096982
[396,] 0.7024745 -0.123113889
[397,] 0.6971827 -0.132796402
[398,] 0.8083149 -0.104709746
[399,] 0.6498921 -0.097719184
[400,] 0.6784034 -0.119283977
[401,] 0.6773159 -0.070423838
[402,] 0.6299298 -0.080052657
[403,] 0.6786094 -0.129124278
[404,] 0.7313702 -0.131795624
[405,] 0.6802470 -0.100135190
[406,] 0.6695258 -0.098963219
[407,] 0.6587034 -0.107144917
[408,] 0.6742740 -0.133699764
[409,] 0.6917386 -0.075028496
[410,] 0.5546752 -0.095532430
[411,] 0.6833181 -0.129312450
[412,] 0.6841158 -0.086416224
[413,] 0.6008959 -0.138379344
[414,] 0.6659002 -0.076122563
[415,] 0.6870389 -0.138024087
[416,] 0.6765890 -0.122246482
[417,] 0.7013591 -0.127734781
[418,] 0.7165815 -0.109950754
[419,] 0.6926096 -0.074677854
[420,] 0.6647970 -0.118074118
[421,] 0.5789208 -0.188599811
[422,] 0.7151425 -0.118480493
[423,] 0.6612470 -0.067388447
[424,] 0.6893532 -0.166609708
[425,] 0.7223304 -0.146679526
[426,] 0.8089914 -0.099940728
[427,] 0.6214828 -0.110677138
[428,] 0.7535941 -0.178814957
[429,] 0.6922055 -0.084823883
[430,] 0.7286510 -0.126876451
[431,] 0.7410976 -0.112417196
[432,] 0.6599988 -0.100959922
[433,] 0.7429836 -0.179052602
[434,] 0.7003991 -0.086173446
[435,] 0.6600472 -0.111081510
[436,] 0.7442677 -0.084591998
[437,] 0.6219791 -0.079199977
[438,] 0.7660827 -0.079001352
[439,] 0.6649316 -0.124075556
[440,] 0.6898146 -0.164944999
[441,] 0.6531513 -0.105201700
[442,] 0.7473181 -0.157224616
[443,] 0.6224354 -0.159051836
[444,] 0.6874064 -0.127038958
[445,] 0.6246910 -0.074495934
[446,] 0.8043324 -0.095006231
[447,] 0.7194427 -0.079841834
[448,] 0.6097928 -0.096838473
[449,] 0.7108711 -0.107374690
[450,] 0.7155130 -0.150078637
[451,] 0.5992663 -0.118787501
[452,] 0.7650356 -0.148450888
[453,] 0.7508155 -0.141957894
[454,] 0.7892604 -0.087358321
[455,] 0.6771930 -0.197399709
[456,] 0.6941881 -0.099766476
[457,] 0.7029176 -0.084257468
[458,] 0.6436850 -0.004646667
[459,] 0.7137777 -0.091321405
[460,] 0.7222441 -0.092246796
[461,] 0.7031534 -0.053770243
[462,] 0.6841189 -0.101409744
[463,] 0.5842756 -0.164393905
[464,] 0.5479370 -0.074077439
[465,] 0.6942450 -0.158414814
[466,] 0.8197473 -0.095099051
[467,] 0.7646341 -0.169516497
[468,] 0.7075766 -0.136707780
[469,] 0.6653711 -0.132677384
[470,] 0.7203973 -0.186712028
[471,] 0.7155822 -0.094889185
[472,] 0.6013054 -0.105827203
[473,] 0.5583000 -0.160218396
[474,] 0.6963405 -0.133728489
[475,] 0.6285191 -0.113107957
[476,] 0.5730051 -0.123180402
[477,] 0.6168261 -0.117517945
[478,] 0.6969661 -0.092394192
[479,] 0.6162499 -0.122366460
[480,] 0.6104480 -0.154562398
[481,] 0.6613932 -0.156659474
[482,] 0.7564408 -0.063578177
[483,] 0.6204431 -0.156561733
[484,] 0.6364863 -0.118772746
[485,] 0.7296067 -0.116359894
[486,] 0.7298097 -0.149394410
[487,] 0.7612087 -0.114200670
[488,] 0.7819775 -0.107111568
[489,] 0.7978362 -0.155334896
[490,] 0.6700545 -0.096770467
[491,] 0.6866403 -0.134133815
[492,] 0.8456751 -0.160780232
[493,] 0.7541005 -0.124707923
[494,] 0.6822415 -0.100424163
[495,] 0.5689059 -0.163102250
[496,] 0.6180813 -0.121580774
[497,] 0.6650646 -0.150678002
[498,] 0.7624854 -0.166206748
[499,] 0.7105450 -0.115152844
[500,] 0.7689817 -0.122182493

$eta_mat_est
            [,1]      [,2]      [,3]      [,4]     [,5]
  [1,] 0.7745440 0.9570666 0.9298368 0.5960572 1.284687
  [2,] 0.9263741 1.0985447 1.1524464 0.6944099 1.506344
  [3,] 0.8807594 1.0792762 1.0401118 0.6669116 1.401228
  [4,] 0.9032383 1.0962427 1.0477744 0.7006401 1.447310
  [5,] 1.1777991 1.2814308 1.3554506 0.8759775 1.811581
  [6,] 0.9385567 1.1078165 1.1644913 0.7323750 1.541426
  [7,] 1.0987103 1.3727085 1.3949920 0.8933532 1.776432
  [8,] 0.8893427 1.1343491 1.0601274 0.7355605 1.426861
  [9,] 0.8303119 0.9838546 0.9553968 0.6225615 1.289928
 [10,] 0.8653429 1.0554315 1.0563709 0.7224893 1.416102
 [11,] 1.3348582 1.5612539 1.5926527 1.0455728 2.102912
 [12,] 1.1252093 1.3862429 1.3132281 0.8947461 1.821704
 [13,] 1.0985166 1.3150393 1.2732191 0.8722880 1.742246
 [14,] 0.9199324 1.1334110 1.1034271 0.7362082 1.469799
 [15,] 0.9989920 1.2617693 1.2356653 0.8340471 1.647615
 [16,] 0.9845783 1.2009596 1.1824598 0.7899412 1.575989
 [17,] 1.1114803 1.3253295 1.2829462 0.8490232 1.778682
 [18,] 0.9634787 1.1657090 1.2064764 0.7980632 1.612302
 [19,] 1.0000631 1.2109811 1.2020272 0.7697911 1.544175
 [20,] 0.7885033 0.9358630 0.9755968 0.6534377 1.314107
 [21,] 0.7549129 0.9209007 0.8600385 0.5999329 1.235914
 [22,] 1.0414592 1.2591403 1.3111713 0.8722108 1.699924
 [23,] 1.0387512 1.2555512 1.2028189 0.8208414 1.637459
 [24,] 0.8884940 1.1025575 1.0810065 0.7056362 1.424011
 [25,] 0.8584576 1.0049465 1.0012526 0.6461960 1.352722
 [26,] 0.8680872 1.0217136 1.0493674 0.6897253 1.348239
 [27,] 0.8582015 1.0134815 0.9839313 0.6427278 1.366104
 [28,] 0.9815245 1.1628104 1.1772288 0.7637403 1.569068
 [29,] 0.9996087 1.2613385 1.2968161 0.8757505 1.699167
 [30,] 1.1435729 1.3553160 1.3715339 0.9054505 1.799144
 [31,] 1.1006686 1.3542698 1.3541808 0.9040283 1.818863
 [32,] 1.0923250 1.2945221 1.3597319 0.8841523 1.699557
 [33,] 1.3236235 1.5563046 1.5597912 1.0468898 2.110421
 [34,] 0.7710510 0.9759365 0.9044073 0.6472520 1.261990
 [35,] 0.8473112 0.9816978 1.0077725 0.6404604 1.362209
 [36,] 1.0731118 1.2671409 1.2922549 0.8613129 1.689106
 [37,] 1.0089720 1.2075226 1.1754055 0.7930653 1.582138
 [38,] 0.9217336 1.1477031 1.1271319 0.7658931 1.508416
 [39,] 0.8725774 1.0282976 1.0608463 0.6922743 1.391730
 [40,] 1.6869527 1.9507391 2.0121676 1.3152316 2.555209
 [41,] 1.0435765 1.3177625 1.2482510 0.8349436 1.645454
 [42,] 0.8915613 1.1367561 1.1180804 0.7464725 1.509682
 [43,] 0.6910199 0.8616629 0.9072350 0.6021019 1.138009
 [44,] 0.9453476 1.1190593 1.1486742 0.7193101 1.427003
 [45,] 1.3467335 1.6407799 1.6585610 1.0737801 2.170630
 [46,] 1.0714229 1.2502468 1.3402703 0.8342193 1.672326
 [47,] 1.0065851 1.1925202 1.2451336 0.8198821 1.675457
 [48,] 0.8328318 1.0248407 1.0128921 0.6900173 1.367837
 [49,] 0.9806219 1.2303330 1.1952200 0.8131020 1.592722
 [50,] 0.8732707 1.0899936 1.0779975 0.7359617 1.447123
 [51,] 1.1682822 1.4408136 1.4216072 0.9848538 1.896399
 [52,] 0.7474655 0.8904140 0.9183245 0.5904456 1.190887
 [53,] 0.9181380 1.0901749 1.0964720 0.7653938 1.440526
 [54,] 0.9964527 1.2704279 1.1913180 0.8355746 1.627924
 [55,] 0.7927462 0.9371380 0.9282223 0.5920962 1.235390
 [56,] 0.9078544 1.1177524 1.1374799 0.7623639 1.510538
 [57,] 0.9495710 1.1659046 1.1740319 0.7769137 1.565625
 [58,] 0.8840679 1.0596347 1.0275511 0.6761832 1.400203
 [59,] 1.1300158 1.2039146 1.3497409 0.8203956 1.680020
 [60,] 0.9724973 1.1273776 1.1226063 0.7011808 1.529047
 [61,] 0.8304468 0.9970804 1.0228541 0.6980231 1.286104
 [62,] 0.9866184 1.1415117 1.1865758 0.7256771 1.543070
 [63,] 0.8261039 0.9781576 0.9632201 0.6281834 1.276003
 [64,] 0.9713124 1.1692843 1.1422469 0.7536120 1.519720
 [65,] 0.9552706 1.1511882 1.1723818 0.7706463 1.527533
 [66,] 1.0747167 1.2514240 1.2375484 0.8149828 1.670768
 [67,] 1.0294505 1.2071979 1.1718584 0.7359431 1.542288
 [68,] 1.2160650 1.4369741 1.4900811 0.9457442 1.897813
 [69,] 0.9794728 1.1879579 1.1946664 0.8113960 1.605426
 [70,] 0.9792560 1.1730768 1.1725982 0.7564058 1.581760
 [71,] 0.8195262 0.9713195 0.9880492 0.6692217 1.259023
 [72,] 0.8823020 1.0796397 1.1394734 0.7410912 1.531595
 [73,] 1.1389354 1.3625747 1.2726568 0.9102125 1.749847
 [74,] 0.9646076 1.2022907 1.1712536 0.7950489 1.551808
 [75,] 0.8710208 1.0850253 1.1080815 0.7535144 1.454727
 [76,] 1.0286727 1.2541224 1.2874599 0.8549557 1.618435
 [77,] 0.7769636 1.0113981 0.9865453 0.6698332 1.355867
 [78,] 0.8175681 0.9370983 0.9721681 0.6176542 1.238910
 [79,] 0.9448008 1.0755486 1.1054865 0.6918155 1.502278
 [80,] 0.9260145 1.0883766 1.0603073 0.7124511 1.446473
 [81,] 0.9881839 1.1772817 1.2201279 0.8173767 1.578280
 [82,] 1.2959047 1.6089170 1.5137124 1.0366248 2.003421
 [83,] 0.9829853 1.2298035 1.1877577 0.8243161 1.602675
 [84,] 1.0053931 1.2392514 1.2195296 0.8213206 1.636194
 [85,] 1.0920696 1.2943140 1.2898663 0.8559056 1.708364
 [86,] 0.9888350 1.1989424 1.2716158 0.8099727 1.564741
 [87,] 1.1423258 1.1886526 1.3267236 0.8858883 1.802875
 [88,] 1.1142568 1.3164827 1.2808623 0.8259717 1.743956
 [89,] 0.9244690 1.1704879 1.1747271 0.8145729 1.624713
 [90,] 1.1907432 1.4274951 1.4101438 0.9482449 1.929447
 [91,] 1.1112764 1.3443098 1.2773578 0.8598006 1.706281
 [92,] 1.0885091 1.3262619 1.3121560 0.8579806 1.677479
 [93,] 1.0322712 1.2426141 1.2624691 0.8252473 1.646758
 [94,] 0.8797864 1.0871593 1.0776425 0.7803494 1.420386
 [95,] 0.9653855 1.2064519 1.2156861 0.8298449 1.600749
 [96,] 1.0124574 1.2278874 1.2027903 0.7792436 1.589075
 [97,] 0.8663007 1.0770342 1.0639229 0.7491107 1.446602
 [98,] 0.9939039 1.1729139 1.1676236 0.7826137 1.525324
 [99,] 0.9226066 1.1131056 1.1178493 0.7686611 1.469011
[100,] 0.8834224 1.0849191 1.0796499 0.7573158 1.398706
[101,] 1.0264089 1.2508908 1.2669267 0.8296114 1.715381
[102,] 1.0558094 1.2640998 1.1680226 0.8256419 1.592875
[103,] 1.1446456 1.3777660 1.3838310 0.9562486 1.839122
[104,] 0.9412832 1.1804582 1.1267696 0.7865429 1.546228
[105,] 0.9220251 1.0849035 1.1174576 0.7552813 1.466695
[106,] 0.9777404 1.1699561 1.1778510 0.7808927 1.505197
[107,] 1.2407458 1.5073024 1.5096359 1.0001669 1.942676
[108,] 1.0285976 1.2426784 1.2640598 0.8458382 1.696216
[109,] 0.9296017 1.1142714 1.1144643 0.7456945 1.487216
[110,] 0.7792128 0.9365668 0.8720582 0.6172132 1.254427
[111,] 0.9255985 1.0989632 1.1180485 0.7515559 1.421893
[112,] 1.1620773 1.4326547 1.3910672 0.9479132 1.839598
[113,] 1.0151455 1.1914022 1.1829027 0.7965103 1.554480
[114,] 0.9400533 1.1227016 1.0898697 0.6968861 1.455965
[115,] 0.9495350 1.1280455 1.1262244 0.7421117 1.485987
[116,] 1.1296551 1.3978021 1.3662735 0.9233084 1.874743
[117,] 1.6383624 1.9173324 1.9701702 1.2857386 2.529523
[118,] 0.8126908 0.9892477 1.0248698 0.6690509 1.324249
[119,] 0.9274140 1.1513574 1.1181591 0.7526906 1.530827
[120,] 0.8698957 1.0645874 1.0959593 0.7212384 1.506271
[121,] 0.8446392 1.0162851 1.0115642 0.7023708 1.400511
[122,] 1.3509181 1.5659065 1.5620706 1.0003622 2.071644
[123,] 1.0002236 1.2960347 1.3448700 0.8288472 1.687494
[124,] 0.9649915 1.1404834 1.1533427 0.7720808 1.602642
[125,] 0.8794514 1.0742712 1.0733989 0.7158971 1.439051
[126,] 1.0327326 1.1951882 1.2706644 0.8174493 1.611284
[127,] 0.8787677 1.0491375 1.0040030 0.6973137 1.424899
[128,] 0.8750208 1.0927149 1.1032872 0.7327873 1.491170
[129,] 0.8275285 1.0097226 1.0288145 0.6936150 1.358741
[130,] 0.9212605 1.1131472 1.0956698 0.7251060 1.484107
[131,] 0.9107517 1.1322952 1.0927962 0.7081813 1.500608
[132,] 1.0587393 1.2906313 1.2507791 0.8455907 1.677714
[133,] 0.9782623 1.1535440 1.1686407 0.7650013 1.532621
[134,] 0.9199066 1.1333413 1.0558248 0.6586282 1.465599
[135,] 1.0351073 1.2313727 1.2497393 0.8152291 1.641988
[136,] 0.9683514 1.1854793 1.1866061 0.8195249 1.566036
[137,] 0.8066543 1.0376164 1.0146817 0.6843283 1.354184
[138,] 1.1223365 1.3370812 1.3807049 0.9015123 1.826395
[139,] 0.8813835 1.1281069 1.0852004 0.7573416 1.419803
[140,] 0.9877323 1.1771895 1.1676549 0.7803804 1.589077
[141,] 0.9906421 1.1636225 1.1935033 0.7927538 1.539945
[142,] 0.8073088 0.9629259 0.9696189 0.6678657 1.363903
[143,] 1.0640738 1.2334784 1.3044699 0.8493760 1.595717
[144,] 0.9665210 1.2158450 1.1875313 0.8078284 1.585880
[145,] 0.8531477 1.0774586 1.0431478 0.6940452 1.340568
[146,] 0.9395448 1.0978198 1.0638556 0.7060506 1.423334
[147,] 0.9955556 1.1795647 1.2008707 0.7718588 1.582750
[148,] 1.0311252 1.2512158 1.2498738 0.8593572 1.664544
[149,] 0.9662895 1.1154050 1.1525875 0.7476968 1.577095
[150,] 0.7590615 0.9326257 0.8859947 0.6098940 1.238289
[151,] 1.0290603 1.2455369 1.2531230 0.8608729 1.676490
[152,] 1.0464024 1.2808870 1.2898311 0.8713059 1.699689
[153,] 0.8457671 1.0619154 0.9857700 0.6940978 1.359137
[154,] 1.0385237 1.2662138 1.2682260 0.8543187 1.690253
[155,] 0.8960233 1.0715007 1.0571896 0.6717415 1.402925
[156,] 1.1259034 1.2463335 1.3098419 0.8735093 1.710010
[157,] 1.0456025 1.1912279 1.2251276 0.7947853 1.678417
[158,] 0.9783315 1.2398007 1.2005215 0.8609049 1.630807
[159,] 1.1654223 1.3724361 1.4097964 0.9292555 1.847662
[160,] 0.9577286 1.1682797 1.1869215 0.7694748 1.563488
[161,] 0.9160372 1.0441944 1.0788581 0.7120694 1.459062
[162,] 0.8298303 0.9954956 0.9804148 0.6658063 1.371522
[163,] 1.1381361 1.4061998 1.3882688 0.9501951 1.828463
[164,] 0.9796610 1.1436030 1.1470479 0.7630256 1.549279
[165,] 0.9535204 1.1237801 1.1455300 0.7192009 1.495811
[166,] 0.9839286 1.1538946 1.1789650 0.7861125 1.551733
[167,] 0.9467902 1.1071901 1.1530248 0.7433761 1.538252
[168,] 0.8948454 1.0582817 1.0461495 0.6899312 1.432648
[169,] 1.0103758 1.3272749 1.3274667 0.8744014 1.627413
[170,] 0.9638716 1.1330594 1.1195304 0.7130608 1.492809
[171,] 0.9132800 1.1227538 1.0998572 0.7334533 1.450376
[172,] 0.9281794 1.1028272 1.0989950 0.6732018 1.499690
[173,] 0.9760345 1.1385578 1.1791480 0.7695500 1.544531
[174,] 0.8781735 1.0742816 1.0511130 0.7066346 1.432489
[175,] 0.9993193 1.1870549 1.1955586 0.8051726 1.556056
[176,] 0.9676257 1.1558921 1.1677814 0.7981807 1.566022
[177,] 0.8909168 1.1173957 1.1112874 0.7506745 1.507679
[178,] 0.9891305 1.1715782 1.1955983 0.7718682 1.638048
[179,] 1.0559495 1.2199102 1.3143862 0.8435859 1.675111
[180,] 1.0187703 1.2473569 1.2749849 0.8970020 1.723777
[181,] 0.9507322 1.1253584 1.0971753 0.6985662 1.450071
[182,] 1.1390103 1.3452443 1.3533460 0.8943780 1.750344
[183,] 1.0123980 1.1607402 1.1490472 0.7813711 1.664554
[184,] 1.1042614 1.2649619 1.3015068 0.8360220 1.718896
[185,] 1.0077911 1.2168903 1.1969281 0.7701560 1.586553
[186,] 0.8690129 1.0783424 1.0501445 0.7333377 1.407411
[187,] 1.0915684 1.2534941 1.2566056 0.8067063 1.744309
[188,] 0.9264603 1.0952513 1.1103181 0.7103401 1.510828
[189,] 0.8628420 1.0620436 1.0607676 0.7201171 1.432329
[190,] 1.0958277 1.3539650 1.3625459 0.9056689 1.738267
[191,] 1.1395805 1.2956409 1.3845517 0.8838508 1.753075
[192,] 0.9852701 1.1328324 1.1570051 0.7436601 1.576767
[193,] 0.8408306 1.0559046 0.9860067 0.6652601 1.362887
[194,] 2.5792775 3.0424491 2.9993996 1.9684197 4.059923
[195,] 1.0297609 1.2573802 1.2775686 0.8289904 1.673673
[196,] 1.1395864 1.3979843 1.3430159 0.9375194 1.821509
[197,] 0.8853969 1.0038973 1.0457384 0.6599394 1.375600
[198,] 0.9807152 1.2025606 1.1635316 0.7828597 1.555977
[199,] 0.9950158 1.1929065 1.1991302 0.7694933 1.525084
[200,] 1.0791234 1.3240756 1.3200837 0.8912248 1.756025
[201,] 0.7918380 0.9804952 0.9606516 0.6504089 1.327650
[202,] 0.9138270 1.0461412 1.0636161 0.6892931 1.448857
[203,] 1.0217116 1.2245038 1.1731401 0.7821873 1.616640
[204,] 0.9346101 1.1430653 1.1418386 0.7684826 1.492434
[205,] 0.8962160 1.1380948 1.1064998 0.7669256 1.463599
[206,] 0.9991006 1.2197182 1.1821085 0.7935649 1.593691
[207,] 1.1194829 1.2768261 1.2884063 0.8693276 1.707584
[208,] 0.8758873 1.0659592 1.0537156 0.7217064 1.439461
[209,] 0.8747069 1.0411688 1.0662487 0.7046930 1.442027
[210,] 1.3912362 1.6509575 1.6481258 1.1047520 2.178780
[211,] 1.3930423 1.7284793 1.7899165 1.2185977 2.384594
[212,] 0.9395658 1.1236035 1.1613857 0.7772825 1.548538
[213,] 0.9954255 1.1959461 1.1604669 0.7622339 1.567305
[214,] 0.8206831 0.9460966 0.9905448 0.6442166 1.301652
[215,] 0.9554392 1.1256018 1.0835548 0.7197575 1.516087
[216,] 0.8506451 1.0563082 0.9858775 0.6718699 1.324327
[217,] 0.9357251 1.0912398 1.0690115 0.6985732 1.438039
[218,] 1.0537935 1.2556775 1.2456577 0.8348171 1.629702
[219,] 1.1922541 1.4049207 1.4302887 0.9300835 1.933703
[220,] 0.8710537 1.0411757 1.0671874 0.7027373 1.428879
[221,] 1.0673674 1.3306995 1.3325553 0.9059350 1.840680
[222,] 0.9072367 1.1065627 1.0531983 0.6890919 1.416975
[223,] 0.8522799 1.0735303 1.0602645 0.7424816 1.420137
[224,] 0.9479246 1.1323236 1.1423290 0.7603902 1.552062
[225,] 0.9429809 1.1243292 1.0995499 0.7316307 1.482716
[226,] 1.1310191 1.2959646 1.3287473 0.8677640 1.749070
[227,] 1.1760366 1.3328012 1.3944231 0.8887576 1.852115
[228,] 0.9443616 1.1304833 1.0997178 0.7185493 1.508130
[229,] 0.9840593 1.1765245 1.1803746 0.8083810 1.625510
[230,] 0.9766501 1.1839637 1.1659678 0.8041994 1.592154
[231,] 1.0664954 1.3169733 1.3610892 0.9003131 1.728974
[232,] 1.0060446 1.1255891 1.1816065 0.7715112 1.603896
[233,] 0.9789276 1.2203172 1.2146217 0.8367477 1.569607
[234,] 1.0181285 1.1382936 1.1977012 0.7680180 1.550520
[235,] 1.0435306 1.3285071 1.2534563 0.8615928 1.703941
[236,] 0.9357404 1.1175325 1.0889438 0.7000942 1.482389
[237,] 0.7658870 0.9285029 0.9043596 0.6209822 1.225665
[238,] 1.1015587 1.3155991 1.2796448 0.8446063 1.713666
[239,] 0.9267317 1.1077155 1.0897165 0.7212931 1.465405
[240,] 0.7776015 0.9796197 0.9480572 0.6529912 1.315514
[241,] 1.0793218 1.2074549 1.2805869 0.8426599 1.659722
[242,] 1.0836153 1.2957767 1.3076826 0.8572130 1.739672
[243,] 0.7808537 0.9604400 0.9535263 0.6742174 1.273966
[244,] 0.9379377 1.1306563 1.0916204 0.7334156 1.489134
[245,] 1.2051645 1.4439604 1.3992543 0.9427606 1.808551
[246,] 1.0060657 1.3020031 1.2295943 0.8564273 1.672309
[247,] 0.8749139 1.0539659 1.1464576 0.7395199 1.494036
[248,] 0.9268687 1.1217229 1.1307281 0.7607010 1.417562
[249,] 0.8739671 1.0669493 1.0344767 0.7097009 1.454703
[250,] 1.0094607 1.2295743 1.1789264 0.8007111 1.590899
[251,] 0.8261444 1.0222148 1.0084598 0.6734704 1.369146
[252,] 1.1631413 1.4307177 1.4362334 0.9687971 1.891452
[253,] 1.0945475 1.3207047 1.3295772 0.9140405 1.722331
[254,] 0.8752702 1.0444962 1.0788943 0.7034474 1.488993
[255,] 1.1235012 1.2807290 1.2974771 0.8459355 1.734689
[256,] 1.0879332 1.2746521 1.2347732 0.8092950 1.670703
[257,] 0.9948570 1.2117475 1.2137915 0.7899446 1.597831
[258,] 1.1074212 1.3238777 1.3167517 0.8532200 1.732468
[259,] 0.7951472 0.9428952 0.9415010 0.6225840 1.265815
[260,] 1.0471376 1.2483329 1.2516058 0.8371356 1.664772
[261,] 0.8142178 0.9975780 0.9946486 0.6742414 1.275347
[262,] 0.9059226 1.0755867 1.0646043 0.7107860 1.400223
[263,] 1.0338786 1.1856851 1.2240311 0.7731422 1.571696
[264,] 1.0365707 1.3139050 1.2774578 0.8726363 1.662988
[265,] 0.9725104 1.2015397 1.1999965 0.7926728 1.535970
[266,] 1.1285791 1.3374191 1.3149039 0.8559453 1.721416
[267,] 0.7723317 0.9129024 0.9386417 0.6242889 1.294555
[268,] 1.0754355 1.3130484 1.2672623 0.8751412 1.747397
[269,] 0.8973121 1.0813788 1.1331524 0.7568815 1.490335
[270,] 0.9084328 1.0662642 1.0956307 0.7168171 1.463110
[271,] 1.0489632 1.1779235 1.2857989 0.8210339 1.633213
[272,] 0.9738304 1.1374375 1.1482683 0.7361851 1.525753
[273,] 0.7862387 0.9562332 0.9523533 0.6464332 1.296509
[274,] 0.8768589 1.0566297 1.0529617 0.7140332 1.377632
[275,] 1.1023493 1.4046356 1.3356401 0.9166824 1.819031
[276,] 0.9334209 1.1776907 1.1296438 0.7847786 1.529157
[277,] 0.9898878 1.1785646 1.1494650 0.7754646 1.532539
[278,] 0.9917410 1.1564733 1.1566893 0.7537815 1.537208
[279,] 1.0880600 1.3636626 1.3527763 0.9042738 1.775779
[280,] 1.0423537 1.2337250 1.2281427 0.8136341 1.630472
[281,] 1.0047082 1.1844531 1.2262871 0.7975494 1.535930
[282,] 1.0879208 1.3110902 1.2603477 0.8150544 1.678581
[283,] 0.8159233 0.9655756 1.0047693 0.6625176 1.316230
[284,] 1.2229900 1.5396698 1.6215631 1.0524936 2.015781
[285,] 0.9322304 1.1003323 1.1267105 0.7541866 1.499866
[286,] 1.1426155 1.3762332 1.2962436 0.8520447 1.742635
[287,] 0.9293152 1.0990881 1.1272721 0.7314822 1.524204
[288,] 0.9033841 1.0678676 1.0832275 0.7164157 1.461058
[289,] 0.9667341 1.1259415 1.1897189 0.7660334 1.542912
[290,] 1.0267273 1.2113665 1.2363090 0.7716184 1.589824
[291,] 1.1640297 1.4754602 1.4382653 0.9961190 1.850410
[292,] 0.9401373 1.1272015 1.1106346 0.7132224 1.450004
[293,] 1.1424909 1.4437265 1.3931653 0.9489870 1.893484
[294,] 0.9910001 1.2329034 1.2164988 0.8039420 1.543281
[295,] 0.8869325 1.0535734 1.0447905 0.6735003 1.416422
[296,] 0.9957082 1.2250074 1.2337355 0.8201028 1.593213
[297,] 0.8490158 1.0234040 1.0294578 0.6640142 1.373118
[298,] 0.9929742 1.2245584 1.2120796 0.8288903 1.611766
[299,] 1.1408587 1.2811752 1.3314931 0.8966634 1.797040
[300,] 0.9562190 1.1618006 1.1382242 0.7529618 1.480298
[301,] 0.8475964 1.0207341 1.0315974 0.6846955 1.352862
[302,] 1.0202761 1.2351452 1.2206656 0.8210480 1.660641
[303,] 0.8377377 1.0118569 1.0469152 0.7114048 1.355035
[304,] 1.1140191 1.2926706 1.3261157 0.8760387 1.792026
[305,] 1.1542846 1.4179859 1.4331213 0.9682416 1.854266
[306,] 0.9376495 1.1420885 1.2182524 0.7713883 1.537284
[307,] 1.0890366 1.2321348 1.2455869 0.8072481 1.628090
[308,] 1.0808375 1.2850002 1.3380805 0.8408849 1.705233
[309,] 0.8692437 1.0857946 1.0830588 0.7550403 1.425246
[310,] 0.9969201 1.1890328 1.1807662 0.8056846 1.649562
[311,] 1.0789000 1.2772160 1.3318538 0.8532207 1.724780
[312,] 1.1467024 1.3890023 1.3881014 0.9191915 1.873087
[313,] 1.1573510 1.3340285 1.3966532 0.9085627 1.823306
[314,] 0.9150329 1.1194499 1.1100970 0.7519021 1.478177
[315,] 1.1071252 1.3334754 1.3219190 0.9180065 1.793407
[316,] 0.8074943 0.9428179 0.9833157 0.6320348 1.274224
[317,] 1.0868855 1.2989180 1.3339071 0.9170951 1.744744
[318,] 0.9449502 1.1250004 1.1486092 0.7669085 1.507254
[319,] 0.7623513 0.9244534 0.8768994 0.5982327 1.242987
[320,] 0.9935283 1.1793255 1.2346094 0.8217445 1.573215
[321,] 1.0148740 1.1981078 1.2032956 0.7840243 1.629543
[322,] 0.8181981 1.0045868 1.0053998 0.7114876 1.353173
[323,] 1.0443262 1.2338245 1.2499387 0.8121981 1.640213
[324,] 0.9502259 1.1768232 1.1042043 0.7613779 1.526523
[325,] 1.1680981 1.3919592 1.3783683 0.9140251 1.869972
[326,] 0.9558335 1.1779342 1.1360540 0.7602542 1.533490
[327,] 0.9612949 1.1663071 1.1461191 0.7677065 1.606173
[328,] 1.0363020 1.2277822 1.2174250 0.8183025 1.631655
[329,] 0.9643544 1.1802816 1.1923318 0.7997831 1.594512
[330,] 1.1612169 1.4411231 1.4621344 0.9546195 1.851868
[331,] 0.8579436 0.9591005 0.9982169 0.6406342 1.393518
[332,] 0.9476581 1.1332708 1.1903914 0.7675348 1.563075
[333,] 1.1214452 1.3257116 1.3946234 0.8846872 1.825328
[334,] 0.9768137 1.1679570 1.2159876 0.8050535 1.603701
[335,] 0.9542284 1.1438851 1.1478732 0.7522098 1.508544
[336,] 1.0944074 1.2801360 1.3226604 0.8956200 1.750551
[337,] 0.8639484 1.0658872 1.0227478 0.6903034 1.437981
[338,] 0.8065426 0.9430619 0.9235515 0.6097508 1.277885
[339,] 0.7991370 0.9270532 0.9388804 0.6103744 1.258435
[340,] 0.8258487 1.0435769 0.9733827 0.6645983 1.332212
[341,] 0.9044914 1.0606410 1.0644349 0.6930129 1.438524
[342,] 0.8882899 1.0802570 1.0711973 0.7118060 1.445633
[343,] 0.9722916 1.1626190 1.1558573 0.7455998 1.549344
[344,] 1.1034040 1.2282809 1.3008611 0.8422555 1.698717
[345,] 0.9332475 1.0899029 1.1740380 0.7168681 1.502433
[346,] 0.9569250 1.1765872 1.1391005 0.7776634 1.551997
[347,] 1.0197222 1.3042002 1.2428187 0.8885948 1.720931
[348,] 1.0847636 1.2870325 1.2675075 0.8505842 1.739858
[349,] 0.9482128 1.1332946 1.1578671 0.7585362 1.482220
[350,] 0.8008750 0.9379549 0.9357511 0.6271774 1.284644
[351,] 1.0006287 1.1838040 1.1633362 0.7969743 1.589772
[352,] 1.0092501 1.1792372 1.2149536 0.7837302 1.620927
[353,] 0.9281516 1.1073084 1.1386059 0.7550631 1.499188
[354,] 0.8611497 1.0655311 1.0738650 0.7228177 1.381503
[355,] 1.0610751 1.2564412 1.2665073 0.8460868 1.692018
[356,] 1.0515527 1.3419459 1.3279759 0.9035012 1.697240
[357,] 0.9030717 1.0852713 1.0636461 0.7332085 1.483830
[358,] 0.9726212 1.1704354 1.2214355 0.8086612 1.596923
[359,] 1.1660264 1.3653656 1.4058596 0.9050517 1.784527
[360,] 1.0083653 1.2209965 1.2056023 0.8087073 1.616256
[361,] 1.2073764 1.4320325 1.4467757 0.9237903 1.892888
[362,] 0.8875942 1.0735587 1.1177648 0.7449359 1.446618
[363,] 0.7957819 0.9667428 0.9702658 0.6397671 1.302375
[364,] 1.1042386 1.3357799 1.3077104 0.8746814 1.708713
[365,] 1.2380663 1.4892944 1.4847664 0.9918154 1.994117
[366,] 0.9545208 1.1432620 1.1933108 0.7814852 1.557475
[367,] 0.9439486 1.1151923 1.1242116 0.7724073 1.441328
[368,] 1.0108498 1.2283516 1.1981437 0.7599894 1.582803
[369,] 1.0105858 1.1928802 1.2690636 0.8563472 1.700229
[370,] 0.9248510 1.1541235 1.1444099 0.7916643 1.602510
[371,] 0.8409205 0.9906405 1.0184000 0.6431553 1.312073
[372,] 0.9875634 1.2514551 1.1884181 0.8237408 1.623094
[373,] 1.4787927 1.8277729 1.8594812 1.2521477 2.465430
[374,] 1.0243309 1.2052002 1.2011898 0.7685303 1.592977
[375,] 1.1076809 1.3577032 1.3351888 0.9115614 1.789347
[376,] 1.1184779 1.3847610 1.3355751 0.8977331 1.800397
[377,] 1.0388270 1.2188845 1.2026591 0.7997565 1.599565
[378,] 0.8920737 1.1309019 1.0753815 0.7198649 1.474872
[379,] 0.8134747 1.0430550 1.0163509 0.7204890 1.364807
[380,] 1.1036661 1.3217975 1.2976235 0.8529021 1.679462
[381,] 1.0519270 1.2312869 1.2829638 0.8393374 1.569590
[382,] 1.0098399 1.2376438 1.2012711 0.8207398 1.596948
[383,] 1.1026779 1.3113512 1.2626414 0.8603461 1.745413
[384,] 0.8574614 1.0428943 1.0116627 0.6816419 1.334174
[385,] 0.9898278 1.1362058 1.1723338 0.7383641 1.548628
[386,] 1.0176836 1.2668443 1.2305496 0.8560049 1.653124
[387,] 0.8650289 1.0139121 1.0413999 0.6680450 1.361294
[388,] 1.3016470 1.5071683 1.5470904 1.0121721 2.077217
[389,] 1.0318234 1.2131374 1.1972935 0.7842379 1.614435
[390,] 0.9838058 1.2033673 1.1736458 0.8000175 1.616080
[391,] 0.8748716 1.0358263 1.0267258 0.7363773 1.449458
[392,] 0.8947195 1.0894032 1.0388773 0.7109226 1.409185
[393,] 1.0064529 1.1921916 1.2490235 0.8145661 1.620499
[394,] 1.0131703 1.2132188 1.1871112 0.8083359 1.565424
[395,] 1.0083474 1.1320578 1.2042441 0.7690457 1.578641
[396,] 0.7763449 0.9193500 0.9412679 0.6288720 1.284537
[397,] 0.9291581 1.1319483 1.1289584 0.7520727 1.492764
[398,] 0.9415448 1.1086051 1.0810164 0.6998636 1.450008
[399,] 0.9225588 1.0709516 1.1321596 0.7376010 1.475551
[400,] 0.9605967 1.1669851 1.1633897 0.7855050 1.565515
[401,] 0.9804785 1.1603849 1.1338065 0.7411878 1.530749
[402,] 0.9886408 1.1844393 1.1916998 0.7830200 1.566591
[403,] 0.9438177 1.1535161 1.1347905 0.7665351 1.538343
[404,] 0.9947498 1.2083111 1.1557292 0.7692853 1.528101
[405,] 1.1252374 1.3184553 1.3754854 0.8726272 1.727663
[406,] 1.0025737 1.1859069 1.1580294 0.7637716 1.570333
[407,] 1.2838653 1.5646093 1.5326399 1.0313226 2.054029
[408,] 0.8867994 1.0627957 1.0513077 0.7053614 1.433042
[409,] 0.8698234 1.0431076 1.0019137 0.6672722 1.350362
[410,] 1.1255329 1.3150045 1.3531115 0.8946163 1.780398
[411,] 0.9158905 1.1267368 1.1230389 0.7792330 1.552184
[412,] 1.0869713 1.3249649 1.3106965 0.8649715 1.767794
[413,] 0.8017180 0.9540431 0.9632735 0.6288213 1.304663
[414,] 0.9765314 1.1751271 1.1248673 0.7413639 1.488683
[415,] 0.9721146 1.1848910 1.2167747 0.7873919 1.529019
[416,] 1.1159229 1.4448714 1.3813509 0.9677120 1.891737
[417,] 0.7733365 0.8864247 0.9422360 0.6039345 1.196199
[418,] 0.7018708 0.8348097 0.8469786 0.5660551 1.120911
[419,] 0.9481786 1.1072493 1.0379736 0.6806774 1.468805
[420,] 1.0135476 1.2106018 1.1903798 0.8070399 1.613551
[421,] 0.8076851 0.9812595 0.9530836 0.6464877 1.307174
[422,] 0.9162061 1.1153140 1.0515150 0.7209770 1.507961
[423,] 1.0148855 1.1769159 1.1742922 0.7615725 1.557004
[424,] 1.0400667 1.2614765 1.3587217 0.8227597 1.772940
[425,] 1.7543125 2.1568419 2.1001724 1.4302874 2.776514
[426,] 1.1679502 1.3828445 1.3547507 0.8730641 1.828204
[427,] 1.0972790 1.2523705 1.2676262 0.8238996 1.744293
[428,] 1.1327139 1.3623215 1.3390466 0.8887021 1.800376
[429,] 1.0476099 1.2770080 1.2110322 0.8338961 1.679168
[430,] 1.0215995 1.2671710 1.2116969 0.8406908 1.621297
[431,] 0.8577414 1.0182545 1.0318002 0.6804173 1.348156
[432,] 0.8771285 1.0487160 1.0966546 0.7208945 1.401309
[433,] 1.2920734 1.5365806 1.4300163 0.9597598 1.940934
[434,] 0.8914424 1.0717515 1.0399569 0.6834075 1.438288
[435,] 0.9927731 1.2144873 1.2059982 0.7710907 1.574256
[436,] 0.9330565 1.1142010 1.1216490 0.7769642 1.531929
[437,] 0.7746259 0.8724310 0.9508999 0.6110345 1.282326
[438,] 0.9476261 1.0814771 1.1302010 0.7346592 1.490162
[439,] 0.9730202 1.2056679 1.1800427 0.7995852 1.596893
[440,] 0.9485402 1.1522888 1.1847262 0.7864572 1.532686
[441,] 0.8163463 0.9991477 1.0015596 0.6890952 1.338351
[442,] 1.0793423 1.2718567 1.2904479 0.8475937 1.724270
[443,] 1.6537373 1.8909774 1.8861280 1.2291007 2.601862
[444,] 1.0840256 1.2909157 1.2734724 0.8584328 1.700679
[445,] 0.9764513 1.1610684 1.1773270 0.7662473 1.577091
[446,] 0.9668694 1.1339301 1.1452784 0.7286075 1.547906
[447,] 0.9411192 1.1254661 1.1153256 0.7511919 1.484096
[448,] 1.0107279 1.2293414 1.2277501 0.8471309 1.635848
[449,] 0.8720608 1.0402123 1.0344245 0.6892400 1.398383
[450,] 0.9193463 1.0845634 1.0926975 0.7155665 1.475340
[451,] 0.9184760 1.0862146 1.1236654 0.7380238 1.480340
[452,] 0.9010102 1.0689575 1.0685710 0.7270604 1.451232
[453,] 1.3383671 1.5910277 1.5874221 0.9965397 2.070582
[454,] 0.8907354 1.1029677 1.0871754 0.7373689 1.469906
[455,] 0.9518838 1.1431937 1.0880957 0.7434074 1.496134
[456,] 1.0103254 1.1964175 1.2306779 0.8172929 1.598786
[457,] 0.9847963 1.1963229 1.2331730 0.7999324 1.588055
[458,] 1.1431068 1.3594808 1.3570296 0.8969769 1.819897
[459,] 1.0401545 1.2188513 1.2923994 0.8442089 1.693154
[460,] 1.0501167 1.2351921 1.1966025 0.7777924 1.589377
[461,] 0.9995278 1.1614348 1.1997164 0.7828925 1.562590
[462,] 1.1255904 1.3683143 1.3535098 0.9130864 1.788820
[463,] 0.9726919 1.2543531 1.1452309 0.8096814 1.604286
[464,] 0.9325791 1.1401093 1.0876804 0.7413673 1.466201
[465,] 0.9591748 1.1606860 1.1143437 0.7485754 1.545164
[466,] 0.9700441 1.1403954 1.1794652 0.7692939 1.543295
[467,] 1.0621606 1.2728180 1.2763652 0.8526671 1.688634
[468,] 1.0031748 1.2280781 1.2527707 0.8341956 1.693162
[469,] 0.9181130 1.1565208 1.1219674 0.7869969 1.494584
[470,] 1.0756188 1.3678121 1.3141641 0.9004101 1.776518
[471,] 0.8734880 1.0827575 1.0895172 0.6974038 1.475498
[472,] 1.0529830 1.2999888 1.2479822 0.8520586 1.645963
[473,] 0.8269493 0.9826739 0.9728250 0.6391700 1.285203
[474,] 0.8019977 0.9162277 0.9512127 0.6142623 1.262353
[475,] 0.8561183 0.9991850 1.0054709 0.6488817 1.345282
[476,] 0.8987901 1.0609815 1.0866475 0.7266330 1.424670
[477,] 0.9753819 1.2618907 1.1309388 0.7738465 1.565568
[478,] 0.8603392 1.0651881 1.0952456 0.7324792 1.459733
[479,] 1.0074261 1.1752863 1.2091736 0.7942698 1.567109
[480,] 0.8229483 0.9983913 0.9885932 0.6675446 1.367719
[481,] 0.9866556 1.2148508 1.1990455 0.7975383 1.671973
[482,] 0.9738789 1.1560216 1.1206990 0.7517964 1.526943
[483,] 0.9252084 1.1011611 1.1092398 0.7542928 1.394764
[484,] 0.8126646 0.9753000 1.0080239 0.6877951 1.292840
[485,] 0.9807002 1.2304516 1.1710258 0.8153375 1.562462
[486,] 0.9447693 1.1349178 1.1570829 0.7481315 1.470844
[487,] 0.9199578 1.1122330 1.1008788 0.7473650 1.462350
[488,] 0.9554378 1.1475828 1.1645309 0.7673949 1.601360
[489,] 1.0044000 1.1938885 1.1458853 0.7583713 1.539329
[490,] 1.0800569 1.3267720 1.2845854 0.8759327 1.728604
[491,] 0.8224997 0.9688173 1.0120696 0.6529011 1.360417
[492,] 1.0906538 1.2926026 1.3556815 0.8939468 1.731174
[493,] 1.0506282 1.2546793 1.2316622 0.8138048 1.681025
[494,] 0.8378207 1.0084989 0.9978680 0.6462016 1.334441
[495,] 0.9212691 1.0732462 1.0985503 0.7140792 1.469236
[496,] 0.9753870 1.2134250 1.1575313 0.7893366 1.517198
[497,] 1.0619550 1.2220127 1.3001083 0.8555562 1.668613
[498,] 1.0826839 1.3234309 1.3395604 0.9104715 1.767086
[499,] 1.0513040 1.2539363 1.2485391 0.8175010 1.689189
[500,] 0.9843690 1.2007908 1.2267416 0.7988597 1.564523

