$eta_opt
[1] 1.991489 1.771408 1.774410 1.771882 2.658484

$eta_bias
[1] -0.5236342 -0.4455524 -0.4521667 -0.4755655 -0.6826228

$eta_sd
[1] 0.6366623 0.5717106 0.5622129 0.5534451 0.8567347

$M_est_mean
[1] 0.52157

$M_est_sd
[1] 0.0310007

$V_est_mean
[1] 0.8046254

$V_est_sd
[1] 0.06164117

$V_clin_mean
[1] 0.8037482

$V_clin_sd
[1] 0.06144313

$VY_est_mean
[1] 0.7229451

$VY_est_sd
[1] 0.05804075

$VY_clin_mean
[1] 0.7241235

$VY_clin_sd
[1] 0.05808248

$VZ_est_mean
[1] -0.1566649

$VZ_est_sd
[1] 0.03381396

$VZ_clin_mean
[1] -0.1592493

$VZ_clin_sd
[1] 0.03380348

$pcd_mean
[1] 0.994004

$pcd_sd
[1] 0.002267436

$PCD_vec
  [1] 0.9980 0.9940 0.9960 0.9925 0.9900 0.9930 0.9910 0.9935 0.9960 0.9945
 [11] 0.9960 0.9945 0.9940 0.9945 0.9950 0.9970 0.9900 0.9980 0.9945 0.9905
 [21] 0.9885 0.9945 0.9895 0.9935 0.9900 0.9940 0.9915 0.9960 0.9895 0.9955
 [31] 0.9945 0.9915 0.9965 0.9940 0.9945 0.9940 0.9960 0.9955 0.9960 0.9930
 [41] 0.9925 0.9945 0.9925 0.9940 0.9960 0.9935 0.9950 0.9970 0.9960 0.9945
 [51] 0.9970 0.9970 0.9965 0.9935 0.9930 0.9945 0.9945 0.9965 0.9900 0.9930
 [61] 0.9875 0.9925 0.9940 0.9960 0.9965 0.9915 0.9925 0.9950 0.9945 0.9915
 [71] 0.9950 0.9865 0.9935 0.9970 0.9945 0.9945 0.9915 0.9950 0.9925 0.9955
 [81] 0.9960 0.9900 0.9950 0.9945 0.9940 0.9925 0.9945 0.9910 0.9870 0.9950
 [91] 0.9965 0.9895 0.9950 0.9915 0.9910 0.9960 0.9940 0.9955 0.9955 0.9955
[101] 0.9960 0.9900 0.9960 0.9995 0.9965 0.9900 0.9945 0.9930 0.9975 0.9925
[111] 0.9955 0.9940 0.9960 0.9900 0.9930 0.9950 0.9955 0.9975 0.9970 0.9870
[121] 0.9945 0.9880 0.9955 0.9955 0.9970 0.9930 0.9950 0.9915 0.9930 0.9955
[131] 0.9960 0.9945 0.9960 0.9910 0.9885 0.9935 0.9940 0.9940 0.9960 0.9945
[141] 0.9945 0.9935 0.9925 0.9965 0.9955 0.9965 0.9955 0.9945 0.9945 0.9955
[151] 0.9935 0.9955 0.9930 0.9975 0.9885 0.9955 0.9950 0.9895 0.9960 0.9935
[161] 0.9955 0.9895 0.9925 0.9965 0.9950 0.9965 0.9915 0.9955 0.9910 0.9910
[171] 0.9925 0.9900 0.9955 0.9975 0.9935 0.9935 0.9885 0.9940 0.9955 0.9925
[181] 0.9950 0.9950 0.9945 0.9955 0.9970 0.9945 0.9915 0.9955 0.9955 0.9930
[191] 0.9920 0.9910 0.9905 0.9950 0.9965 0.9945 0.9930 0.9945 0.9945 0.9955
[201] 0.9910 0.9965 0.9945 0.9965 0.9925 0.9925 0.9925 0.9955 0.9930 0.9960
[211] 0.9940 0.9960 0.9935 0.9960 0.9880 0.9920 0.9940 0.9965 0.9925 0.9965
[221] 0.9915 0.9960 0.9970 0.9960 0.9950 0.9935 0.9955 0.9935 0.9950 0.9960
[231] 0.9935 0.9970 0.9925 0.9955 0.9915 0.9950 0.9945 0.9960 0.9955 0.9930
[241] 0.9935 0.9940 0.9970 0.9910 0.9955 0.9885 0.9910 0.9955 0.9915 0.9945
[251] 0.9935 0.9955 0.9860 0.9925 0.9900 0.9930 0.9955 0.9925 0.9960 0.9920
[261] 0.9935 0.9950 0.9920 0.9935 0.9945 0.9975 0.9920 0.9905 0.9940 0.9960
[271] 0.9925 0.9920 0.9895 0.9955 0.9915 0.9950 0.9955 0.9945 0.9945 0.9965
[281] 0.9925 0.9945 0.9945 0.9940 0.9970 0.9900 0.9970 0.9950 0.9940 0.9960
[291] 0.9965 0.9970 0.9940 0.9905 0.9965 0.9960 0.9975 0.9955 0.9960 0.9925
[301] 0.9955 0.9960 0.9965 0.9945 0.9950 0.9915 0.9945 0.9910 0.9955 0.9930
[311] 0.9925 0.9945 0.9950 0.9960 0.9955 0.9950 0.9960 0.9975 0.9895 0.9955
[321] 0.9925 0.9940 0.9950 0.9930 0.9920 0.9920 0.9965 0.9960 0.9915 0.9960
[331] 0.9920 0.9920 0.9935 0.9915 0.9970 0.9935 0.9960 0.9940 0.9975 0.9890
[341] 0.9960 0.9950 0.9950 0.9890 0.9935 0.9900 0.9910 0.9960 0.9955 0.9940
[351] 0.9945 0.9965 0.9935 0.9950 0.9965 0.9935 0.9930 0.9950 0.9940 0.9945
[361] 0.9950 0.9965 0.9950 0.9940 0.9960 0.9930 0.9920 0.9960 0.9910 0.9950
[371] 0.9940 0.9950 0.9940 0.9910 0.9950 0.9950 0.9935 0.9960 0.9930 0.9940
[381] 0.9875 0.9905 0.9955 0.9960 0.9945 0.9965 0.9965 0.9940 0.9970 0.9970
[391] 0.9920 0.9955 0.9940 0.9930 0.9930 0.9945 0.9960 0.9965 0.9925 0.9960
[401] 0.9935 0.9955 0.9925 0.9950 0.9925 0.9955 0.9935 0.9960 0.9955 0.9955
[411] 0.9930 0.9945 0.9945 0.9920 0.9955 0.9930 0.9970 0.9955 0.9910 0.9935
[421] 0.9965 0.9915 0.9955 0.9935 0.9955 0.9975 0.9935 0.9955 0.9915 0.9955
[431] 0.9955 0.9945 0.9920 0.9965 0.9945 0.9935 0.9885 0.9910 0.9955 0.9935
[441] 0.9925 0.9955 0.9905 0.9970 0.9960 0.9965 0.9950 0.9965 0.9955 0.9925
[451] 0.9955 0.9950 0.9965 0.9945 0.9930 0.9960 0.9945 0.9955 0.9960 0.9945
[461] 0.9955 0.9945 0.9865 0.9930 0.9955 0.9945 0.9965 0.9930 0.9935 0.9940
[471] 0.9945 0.9895 0.9940 0.9930 0.9910 0.9945 0.9935 0.9915 0.9945 0.9960
[481] 0.9895 0.9940 0.9905 0.9895 0.9885 0.9950 0.9950 0.9945 0.9915 0.9945
[491] 0.9930 0.9930 0.9965 0.9935 0.9960 0.9960 0.9960 0.9955 0.9925 0.9960

$M_est_vec
  [1] 0.5391827 0.5154033 0.5165608 0.5707468 0.5233033 0.5407591 0.5308038
  [8] 0.5362110 0.5120213 0.5589480 0.5526317 0.5313293 0.4708530 0.4759643
 [15] 0.5037772 0.5236352 0.5622122 0.5376521 0.4840861 0.4628285 0.5187789
 [22] 0.4744165 0.5224801 0.4799940 0.5180136 0.5096926 0.5249114 0.5309989
 [29] 0.4921321 0.5857007 0.4947159 0.5390229 0.5461155 0.4686774 0.4656952
 [36] 0.5528494 0.5908666 0.5306197 0.5154995 0.5394317 0.4726174 0.5534748
 [43] 0.4635163 0.4918327 0.5110927 0.5127126 0.5032170 0.5350345 0.4970754
 [50] 0.5449721 0.4708079 0.4925523 0.5471424 0.4998338 0.5145571 0.5353903
 [57] 0.5014904 0.4783310 0.5552584 0.5244217 0.4936392 0.5183039 0.5092301
 [64] 0.5296961 0.5022360 0.5583383 0.5503315 0.4927772 0.5164058 0.5229085
 [71] 0.5437236 0.5064216 0.5359267 0.4832158 0.5359078 0.5192259 0.4704112
 [78] 0.5443440 0.5237968 0.5473891 0.5291096 0.5133123 0.5398069 0.4882323
 [85] 0.5756871 0.5308899 0.5319984 0.5214721 0.4979169 0.5122307 0.4958830
 [92] 0.4352524 0.5089431 0.4891059 0.5132159 0.5047303 0.5754958 0.5146560
 [99] 0.5285975 0.5437764 0.5743248 0.4782239 0.5717911 0.5125171 0.5499857
[106] 0.4871747 0.5557148 0.5344032 0.5603309 0.5519885 0.5665931 0.5911320
[113] 0.5483003 0.4891118 0.5153711 0.5013532 0.5153286 0.5207183 0.5281539
[120] 0.5180116 0.5648583 0.5080672 0.5230446 0.5474476 0.5158528 0.5651325
[127] 0.4737498 0.5186872 0.5302095 0.5626486 0.5394734 0.5539556 0.5479944
[134] 0.5140726 0.4832504 0.5323210 0.5083541 0.5352741 0.5142640 0.5330820
[141] 0.5472295 0.4477284 0.5325570 0.5359738 0.5260458 0.5489916 0.5399299
[148] 0.5127170 0.5360066 0.5189252 0.5484486 0.4410856 0.4840861 0.5332095
[155] 0.4927949 0.5305982 0.5035703 0.4725697 0.5389838 0.4799498 0.5669762
[162] 0.5083416 0.5099226 0.5441836 0.4931485 0.5716532 0.4840947 0.5339638
[169] 0.4759209 0.4982499 0.5259703 0.5611482 0.5414387 0.5435762 0.4999281
[176] 0.5145344 0.5083363 0.4961105 0.4845384 0.4710013 0.5653838 0.5518161
[183] 0.5522369 0.5492305 0.4830390 0.5521940 0.4610948 0.6295073 0.5520765
[190] 0.5348485 0.4958779 0.5093165 0.5163156 0.5157878 0.4686288 0.5632571
[197] 0.5192893 0.4595815 0.4925999 0.5261851 0.5149284 0.4955984 0.4924518
[204] 0.5463234 0.5296354 0.4832824 0.5500189 0.5179833 0.5352034 0.5599763
[211] 0.5405052 0.5167965 0.5216041 0.5604151 0.5020986 0.5355552 0.4908431
[218] 0.4875097 0.4900535 0.5464724 0.4821763 0.5248033 0.4579163 0.5073171
[225] 0.4913961 0.4650032 0.5374828 0.5133971 0.5513723 0.4935618 0.5328659
[232] 0.5180576 0.5135502 0.5108830 0.5081834 0.4940939 0.5242888 0.5102273
[239] 0.5438582 0.4907775 0.5348798 0.5024384 0.5145493 0.5423573 0.5287718
[246] 0.5072731 0.4941709 0.4926173 0.5078284 0.4913375 0.4891379 0.5586254
[253] 0.5501250 0.5642282 0.4722452 0.5316088 0.5157545 0.5287890 0.5951648
[260] 0.5113992 0.5261624 0.5482202 0.4989659 0.5292597 0.5887606 0.5206973
[267] 0.5107201 0.5337568 0.5175588 0.6125239 0.5236864 0.5004089 0.4993102
[274] 0.4956516 0.4952145 0.4876750 0.5505383 0.5213747 0.5378179 0.5299855
[281] 0.4812032 0.4799639 0.5415261 0.5603264 0.5401081 0.4658619 0.5301320
[288] 0.5570666 0.5145782 0.4993227 0.5342678 0.5021516 0.4986763 0.5267097
[295] 0.4975884 0.5401071 0.5438645 0.4936719 0.5394059 0.4852174 0.5180120
[302] 0.5540886 0.5853799 0.5164246 0.5012242 0.4833047 0.5476467 0.4807410
[309] 0.4739190 0.5534735 0.5296659 0.5039966 0.5628693 0.5438918 0.5705947
[316] 0.5166619 0.5255233 0.6208117 0.5064538 0.5741315 0.4761495 0.4970496
[323] 0.5349674 0.5075253 0.5154619 0.4977765 0.4862824 0.5338643 0.5251188
[330] 0.5046425 0.5032591 0.5190122 0.5168093 0.5321256 0.5206470 0.5519033
[337] 0.4991057 0.5259887 0.5504027 0.4743294 0.5711699 0.5222087 0.4913040
[344] 0.4833268 0.5267408 0.4964259 0.5699828 0.5187818 0.4532937 0.5099945
[351] 0.5443266 0.5397420 0.4555867 0.5261076 0.5489082 0.5135800 0.5709217
[358] 0.5334983 0.5197119 0.5212979 0.5210183 0.5379351 0.4664892 0.4861710
[365] 0.5384675 0.5288530 0.5368792 0.5487440 0.5292914 0.4806119 0.5116964
[372] 0.5002697 0.5389853 0.5541590 0.5485522 0.5359968 0.5320614 0.5354637
[379] 0.5431390 0.5751223 0.4598945 0.5225452 0.5633088 0.5293655 0.4934205
[386] 0.5451447 0.4779387 0.4971494 0.5247147 0.5586353 0.4857062 0.5887520
[393] 0.4955286 0.5141300 0.5791915 0.5043601 0.5190274 0.5564219 0.5172821
[400] 0.5508159 0.5710243 0.4794377 0.5504232 0.5221937 0.4854380 0.5129705
[407] 0.5246361 0.5335122 0.5782662 0.5647170 0.4802488 0.5145339 0.4960280
[414] 0.4971617 0.5155804 0.5774082 0.4914606 0.5367308 0.4926233 0.4939137
[421] 0.5465541 0.4987004 0.5602840 0.4751773 0.5160262 0.4782019 0.5176313
[428] 0.5561299 0.5700031 0.4738595 0.5405073 0.5064715 0.5174985 0.5150629
[435] 0.5022707 0.5039360 0.5267884 0.5157548 0.5255397 0.5218790 0.5503409
[442] 0.5352963 0.5253107 0.5277120 0.5193703 0.5491964 0.5279900 0.5899628
[449] 0.5776615 0.5094722 0.5946160 0.5403462 0.5492753 0.4749555 0.4801653
[456] 0.5856558 0.5168512 0.5177659 0.5617249 0.4501683 0.4698355 0.5122705
[463] 0.5245257 0.5128507 0.5361616 0.5358909 0.5570926 0.5437719 0.5497333
[470] 0.5501673 0.5028554 0.4873336 0.5353099 0.5925725 0.5073801 0.5446271
[477] 0.4923810 0.5014770 0.5570840 0.5350485 0.5283536 0.5748809 0.5317068
[484] 0.4733309 0.5382472 0.4883776 0.5500350 0.4976739 0.4916327 0.4995413
[491] 0.5054312 0.4531005 0.5179925 0.4764860 0.5082557 0.5243224 0.5588091
[498] 0.5782207 0.4985712 0.5436616

$clin_v_all
            [,1]        [,2]
  [1,] 0.8760279 -0.16976933
  [2,] 0.6402158 -0.15641051
  [3,] 0.7703508 -0.17557362
  [4,] 0.7585758 -0.16280029
  [5,] 0.6738656 -0.17114776
  [6,] 0.6684257 -0.11152066
  [7,] 0.7351769 -0.18677064
  [8,] 0.8012332 -0.16081176
  [9,] 0.6701414 -0.20181202
 [10,] 0.7465428 -0.15656127
 [11,] 0.8062486 -0.09977449
 [12,] 0.7185967 -0.18482169
 [13,] 0.6822516 -0.16872929
 [14,] 0.7443507 -0.18877544
 [15,] 0.7812366 -0.16830995
 [16,] 0.7380266 -0.08006115
 [17,] 0.6841174 -0.13250361
 [18,] 0.6438381 -0.19517318
 [19,] 0.7613274 -0.20351516
 [20,] 0.6848126 -0.12105432
 [21,] 0.6386315 -0.21780721
 [22,] 0.8402924 -0.20901757
 [23,] 0.6384243 -0.15724441
 [24,] 0.7404037 -0.18752809
 [25,] 0.7388773 -0.25729363
 [26,] 0.6719584 -0.16942747
 [27,] 0.6554230 -0.06890981
 [28,] 0.7804776 -0.14273968
 [29,] 0.7685268 -0.14025747
 [30,] 0.7972824 -0.17066722
 [31,] 0.7091264 -0.19183093
 [32,] 0.5899858 -0.11906471
 [33,] 0.7117154 -0.16126222
 [34,] 0.6439791 -0.15286494
 [35,] 0.7282564 -0.19139526
 [36,] 0.7847587 -0.17295675
 [37,] 0.6879710 -0.14054979
 [38,] 0.7162740 -0.19632705
 [39,] 0.7965897 -0.13837040
 [40,] 0.6703143 -0.17654135
 [41,] 0.7571572 -0.12789733
 [42,] 0.7714100 -0.17363211
 [43,] 0.7533514 -0.21340790
 [44,] 0.7270991 -0.21049926
 [45,] 0.8238152 -0.18735954
 [46,] 0.6858205 -0.14714784
 [47,] 0.6612461 -0.18479321
 [48,] 0.8017470 -0.25019709
 [49,] 0.6865997 -0.15591039
 [50,] 0.7182562 -0.14253332
 [51,] 0.7487903 -0.14974144
 [52,] 0.7278413 -0.12875561
 [53,] 0.6780445 -0.13301457
 [54,] 0.8255925 -0.21190470
 [55,] 0.7185562 -0.16276158
 [56,] 0.7119584 -0.17333452
 [57,] 0.7313539 -0.15401535
 [58,] 0.7478336 -0.17204965
 [59,] 0.6781711 -0.13551869
 [60,] 0.7321164 -0.16215200
 [61,] 0.7394238 -0.12685870
 [62,] 0.7857298 -0.19384081
 [63,] 0.7288210 -0.25307870
 [64,] 0.6860052 -0.15734164
 [65,] 0.7342256 -0.13889232
 [66,] 0.7048592 -0.16681070
 [67,] 0.6910918 -0.18954429
 [68,] 0.6762168 -0.19858713
 [69,] 0.6293718 -0.15272149
 [70,] 0.7360384 -0.15665678
 [71,] 0.7721119 -0.14077993
 [72,] 0.6947658 -0.07816399
 [73,] 0.6525185 -0.23967659
 [74,] 0.6849939 -0.17132282
 [75,] 0.6535387 -0.21769779
 [76,] 0.7583075 -0.15381041
 [77,] 0.6977175 -0.13915260
 [78,] 0.7815858 -0.20513985
 [79,] 0.6898464 -0.20484626
 [80,] 0.7747676 -0.19370236
 [81,] 0.6732357 -0.16463122
 [82,] 0.7396276 -0.15115397
 [83,] 0.6682416 -0.16160137
 [84,] 0.7550573 -0.12661708
 [85,] 0.7352316 -0.16965380
 [86,] 0.6186989 -0.14477063
 [87,] 0.6006628 -0.03745715
 [88,] 0.6511221 -0.13617676
 [89,] 0.7659906 -0.16244215
 [90,] 0.6686976 -0.16718653
 [91,] 0.6581723 -0.20343995
 [92,] 0.7617298 -0.17828011
 [93,] 0.6812074 -0.19825532
 [94,] 0.7710333 -0.16098742
 [95,] 0.7452078 -0.12070545
 [96,] 0.7577080 -0.21014845
 [97,] 0.7095547 -0.18220382
 [98,] 0.5202354 -0.15243501
 [99,] 0.6625515 -0.18091779
[100,] 0.7374616 -0.13372559
[101,] 0.6370029 -0.15936107
[102,] 0.7988507 -0.10829409
[103,] 0.7176293 -0.16865930
[104,] 0.6904080 -0.18787787
[105,] 0.7313002 -0.12679440
[106,] 0.6741708 -0.17265019
[107,] 0.6951144 -0.12402497
[108,] 0.7224245 -0.16901649
[109,] 0.7180751 -0.12209852
[110,] 0.7384418 -0.16650745
[111,] 0.6976223 -0.23234568
[112,] 0.6555790 -0.19849294
[113,] 0.7977119 -0.15192678
[114,] 0.7618427 -0.08234967
[115,] 0.7709493 -0.15864101
[116,] 0.6875873 -0.12413889
[117,] 0.6739821 -0.18110074
[118,] 0.6604887 -0.11428953
[119,] 0.6560768 -0.16044215
[120,] 0.7480845 -0.16474007
[121,] 0.7787162 -0.10736012
[122,] 0.5557771 -0.13780786
[123,] 0.7192445 -0.13708156
[124,] 0.7579487 -0.20051281
[125,] 0.8163528 -0.13987600
[126,] 0.7607955 -0.12565302
[127,] 0.7062258 -0.12345287
[128,] 0.7386925 -0.13089844
[129,] 0.7933807 -0.18127817
[130,] 0.6843294 -0.15550477
[131,] 0.7002975 -0.17826039
[132,] 0.7546951 -0.18446904
[133,] 0.8411254 -0.15857536
[134,] 0.7677020 -0.14499512
[135,] 0.7465157 -0.14762932
[136,] 0.7582384 -0.17162001
[137,] 0.7949305 -0.16651881
[138,] 0.6244715 -0.07154478
[139,] 0.6997379 -0.16420694
[140,] 0.6872281 -0.12944773
[141,] 0.7764564 -0.17202346
[142,] 0.7024096 -0.13761431
[143,] 0.6758167 -0.18819287
[144,] 0.6945480 -0.16754892
[145,] 0.7155749 -0.18414348
[146,] 0.6179999 -0.13252691
[147,] 0.7500610 -0.19749966
[148,] 0.6617824 -0.18751161
[149,] 0.7252726 -0.20129029
[150,] 0.6206941 -0.16089500
[151,] 0.7645051 -0.16408572
[152,] 0.7482609 -0.14369565
[153,] 0.7143123 -0.19411999
[154,] 0.7608272 -0.18327470
[155,] 0.6810717 -0.12727629
[156,] 0.7385051 -0.17378778
[157,] 0.8377963 -0.11300007
[158,] 0.7263855 -0.17302237
[159,] 0.7109162 -0.19302678
[160,] 0.7618816 -0.11946466
[161,] 0.7365061 -0.12108399
[162,] 0.7154287 -0.16321133
[163,] 0.7115953 -0.21806817
[164,] 0.6969477 -0.15613851
[165,] 0.7552782 -0.15808687
[166,] 0.7537196 -0.15353993
[167,] 0.7025497 -0.15050773
[168,] 0.6923109 -0.11939703
[169,] 0.7263156 -0.20026400
[170,] 0.6908960 -0.17651436
[171,] 0.6674972 -0.12043291
[172,] 0.8228716 -0.20784770
[173,] 0.8270474 -0.16325823
[174,] 0.6399430 -0.15469055
[175,] 0.8068140 -0.15745880
[176,] 0.7269434 -0.17580053
[177,] 0.7734694 -0.09781740
[178,] 0.7163485 -0.21022268
[179,] 0.7093762 -0.14167057
[180,] 0.7720499 -0.18144720
[181,] 0.7418673 -0.16355986
[182,] 0.7939970 -0.15732612
[183,] 0.7852659 -0.13924720
[184,] 0.6941324 -0.15924110
[185,] 0.7429711 -0.10671902
[186,] 0.7332881 -0.16515403
[187,] 0.7931822 -0.15556396
[188,] 0.7424523 -0.18350315
[189,] 0.6559835 -0.08667418
[190,] 0.8622741 -0.16038422
[191,] 0.7560447 -0.11304675
[192,] 0.7191599 -0.13606792
[193,] 0.7612140 -0.18455729
[194,] 0.8070270 -0.11431141
[195,] 0.7117013 -0.13599790
[196,] 0.8106166 -0.14360946
[197,] 0.6340328 -0.12159351
[198,] 0.6996756 -0.14726474
[199,] 0.7301849 -0.17870161
[200,] 0.7320527 -0.15969646
[201,] 0.7410643 -0.12628514
[202,] 0.8293111 -0.17960287
[203,] 0.7351808 -0.12447241
[204,] 0.6925787 -0.19201213
[205,] 0.6603305 -0.10001337
[206,] 0.7563833 -0.15434753
[207,] 0.7841793 -0.17530140
[208,] 0.7092512 -0.18660071
[209,] 0.6605005 -0.12785461
[210,] 0.7078316 -0.15292113
[211,] 0.6585237 -0.21023443
[212,] 0.6955478 -0.17412350
[213,] 0.7107759 -0.13079612
[214,] 0.6771308 -0.21018664
[215,] 0.7611048 -0.12858955
[216,] 0.8093130 -0.16308483
[217,] 0.7220007 -0.17014328
[218,] 0.6689002 -0.12197488
[219,] 0.7462809 -0.15435241
[220,] 0.7987821 -0.14932874
[221,] 0.6622286 -0.14614039
[222,] 0.6483060 -0.17755326
[223,] 0.6759617 -0.15508561
[224,] 0.6267479 -0.16883755
[225,] 0.7115534 -0.19729279
[226,] 0.6979043 -0.15751481
[227,] 0.7737411 -0.16782242
[228,] 0.7141660 -0.14435219
[229,] 0.7295902 -0.15310778
[230,] 0.8307777 -0.18855049
[231,] 0.6445942 -0.11906061
[232,] 0.6932060 -0.18758121
[233,] 0.7316640 -0.25021466
[234,] 0.6509131 -0.16585761
[235,] 0.6671835 -0.16995688
[236,] 0.6596306 -0.15350179
[237,] 0.7492156 -0.12284296
[238,] 0.7534629 -0.16399933
[239,] 0.8403575 -0.10427228
[240,] 0.8066613 -0.22057406
[241,] 0.6296969 -0.10148367
[242,] 0.6865826 -0.16837632
[243,] 0.7354224 -0.14901729
[244,] 0.7255768 -0.12931784
[245,] 0.6797980 -0.18350552
[246,] 0.6415816 -0.07660610
[247,] 0.7155997 -0.18919219
[248,] 0.8486889 -0.15025533
[249,] 0.7118976 -0.14066395
[250,] 0.6327729 -0.15336665
[251,] 0.6377795 -0.22831598
[252,] 0.7741536 -0.17201914
[253,] 0.7785197 -0.16443804
[254,] 0.7907360 -0.14081665
[255,] 0.7476903 -0.10306475
[256,] 0.6848352 -0.19367719
[257,] 0.6918403 -0.12889560
[258,] 0.7203321 -0.21573792
[259,] 0.6999852 -0.13793326
[260,] 0.8388805 -0.15584881
[261,] 0.6803241 -0.15428125
[262,] 0.6808754 -0.14151804
[263,] 0.7423838 -0.21004363
[264,] 0.6878910 -0.16643590
[265,] 0.7311882 -0.15964426
[266,] 0.7841879 -0.14965560
[267,] 0.6366121 -0.14367818
[268,] 0.7080400 -0.18055722
[269,] 0.6673853 -0.16418738
[270,] 0.8020722 -0.09136486
[271,] 0.6984494 -0.14877244
[272,] 0.7247303 -0.15510038
[273,] 0.7463834 -0.13081275
[274,] 0.8072338 -0.13503842
[275,] 0.6482836 -0.14616565
[276,] 0.7925387 -0.13364325
[277,] 0.7357803 -0.13016143
[278,] 0.8102651 -0.11799822
[279,] 0.7213651 -0.22368214
[280,] 0.7696541 -0.20805613
[281,] 0.6735384 -0.18476977
[282,] 0.8056804 -0.14957499
[283,] 0.7632488 -0.17396671
[284,] 0.7245713 -0.13778708
[285,] 0.8043641 -0.18899815
[286,] 0.7391408 -0.17066563
[287,] 0.6823064 -0.14600917
[288,] 0.7622714 -0.19101433
[289,] 0.7706081 -0.19441494
[290,] 0.7637307 -0.09785370
[291,] 0.7688686 -0.13701827
[292,] 0.6408546 -0.10676771
[293,] 0.6986482 -0.19705953
[294,] 0.6980580 -0.17983625
[295,] 0.8307145 -0.19375369
[296,] 0.7906573 -0.12391162
[297,] 0.7061256 -0.11160155
[298,] 0.7693289 -0.17197413
[299,] 0.6450752 -0.13471980
[300,] 0.7445790 -0.17315642
[301,] 0.7729801 -0.11029169
[302,] 0.6200065 -0.19102696
[303,] 0.6823175 -0.14276696
[304,] 0.7435763 -0.11696362
[305,] 0.7820438 -0.19254985
[306,] 0.7442627 -0.12956880
[307,] 0.6886121 -0.08248609
[308,] 0.7747520 -0.18201829
[309,] 0.8657072 -0.13487144
[310,] 0.6815589 -0.18809496
[311,] 0.6892603 -0.09284796
[312,] 0.6861781 -0.20151149
[313,] 0.7220811 -0.16300666
[314,] 0.7548444 -0.14242370
[315,] 0.6598762 -0.10170874
[316,] 0.6687682 -0.14196504
[317,] 0.7437413 -0.22358659
[318,] 0.7269999 -0.19818771
[319,] 0.7865801 -0.15060089
[320,] 0.8444468 -0.14906713
[321,] 0.6956174 -0.19434966
[322,] 0.7307355 -0.19171902
[323,] 0.7571275 -0.14136299
[324,] 0.7202841 -0.18305910
[325,] 0.7296854 -0.16925782
[326,] 0.7733479 -0.14556250
[327,] 0.7229451 -0.17228770
[328,] 0.6656899 -0.13175427
[329,] 0.7317348 -0.16869369
[330,] 0.7744110 -0.23102557
[331,] 0.6892074 -0.11487616
[332,] 0.7188731 -0.20765486
[333,] 0.7860645 -0.17884308
[334,] 0.7340111 -0.16906499
[335,] 0.7254620 -0.14293884
[336,] 0.7976649 -0.16273748
[337,] 0.6508774 -0.18576691
[338,] 0.7648951 -0.15292213
[339,] 0.7370765 -0.13302714
[340,] 0.7479375 -0.16802345
[341,] 0.6594392 -0.16451063
[342,] 0.8338609 -0.17847579
[343,] 0.7113192 -0.15838506
[344,] 0.6943837 -0.10805188
[345,] 0.7460521 -0.16101490
[346,] 0.8194032 -0.18852473
[347,] 0.6708204 -0.09625952
[348,] 0.7390466 -0.12931774
[349,] 0.8204084 -0.14133389
[350,] 0.6641959 -0.15612804
[351,] 0.6769167 -0.11606777
[352,] 0.6986564 -0.13165142
[353,] 0.7611787 -0.17126225
[354,] 0.6787220 -0.16541224
[355,] 0.7537460 -0.18107340
[356,] 0.7014292 -0.16183685
[357,] 0.6442551 -0.12455421
[358,] 0.7508504 -0.09900791
[359,] 0.7340791 -0.18780102
[360,] 0.7984128 -0.09217152
[361,] 0.6491218 -0.14938468
[362,] 0.7340811 -0.18959149
[363,] 0.7095905 -0.15508949
[364,] 0.8366683 -0.15781901
[365,] 0.8183115 -0.09880198
[366,] 0.7601344 -0.18528410
[367,] 0.6730836 -0.14868267
[368,] 0.7738327 -0.15089954
[369,] 0.7008437 -0.14526368
[370,] 0.5655480 -0.15546065
[371,] 0.8289466 -0.21934763
[372,] 0.6788730 -0.16279795
[373,] 0.7218316 -0.17106814
[374,] 0.6514698 -0.19644094
[375,] 0.6957843 -0.11038657
[376,] 0.7525399 -0.10786757
[377,] 0.7629307 -0.21184095
[378,] 0.7188391 -0.08809778
[379,] 0.7513551 -0.16329999
[380,] 0.7315021 -0.12718498
[381,] 0.6848716 -0.11010721
[382,] 0.7531068 -0.12193437
[383,] 0.7200433 -0.13611166
[384,] 0.8130826 -0.12275984
[385,] 0.6133989 -0.14604852
[386,] 0.8205542 -0.19328501
[387,] 0.6816782 -0.14961351
[388,] 0.7839464 -0.12172608
[389,] 0.7442179 -0.09938081
[390,] 0.6757901 -0.13088489
[391,] 0.5291116 -0.16835291
[392,] 0.7474966 -0.16861288
[393,] 0.7058132 -0.13188501
[394,] 0.7436543 -0.14006078
[395,] 0.7590823 -0.14294766
[396,] 0.7345005 -0.16699154
[397,] 0.7356155 -0.18675743
[398,] 0.8447766 -0.15473925
[399,] 0.6817961 -0.14288275
[400,] 0.7145984 -0.17100203
[401,] 0.7080008 -0.11286975
[402,] 0.6635549 -0.12692960
[403,] 0.7101385 -0.17320521
[404,] 0.7661802 -0.17878698
[405,] 0.7150318 -0.14973548
[406,] 0.7059771 -0.14948317
[407,] 0.6959521 -0.15801417
[408,] 0.7083161 -0.17995600
[409,] 0.7220276 -0.11789424
[410,] 0.5839726 -0.13747222
[411,] 0.7252656 -0.18636213
[412,] 0.7230348 -0.14049997
[413,] 0.6349435 -0.18780968
[414,] 0.7081975 -0.13427053
[415,] 0.7234620 -0.18849132
[416,] 0.7141867 -0.17456761
[417,] 0.7287399 -0.16569540
[418,] 0.7546945 -0.16230131
[419,] 0.7320813 -0.12910322
[420,] 0.6958038 -0.16370969
[421,] 0.6105213 -0.23241709
[422,] 0.7584721 -0.17795031
[423,] 0.6877907 -0.10323096
[424,] 0.7156390 -0.20355213
[425,] 0.7614475 -0.20200036
[426,] 0.8430922 -0.14727833
[427,] 0.6571326 -0.16059360
[428,] 0.7805200 -0.21685947
[429,] 0.7253724 -0.13188100
[430,] 0.7578629 -0.16603572
[431,] 0.7766405 -0.16124042
[432,] 0.6963299 -0.15169942
[433,] 0.7724708 -0.22061263
[434,] 0.7298752 -0.12882975
[435,] 0.6921661 -0.15385503
[436,] 0.7746401 -0.12911001
[437,] 0.6523756 -0.12089718
[438,] 0.7973635 -0.12410794
[439,] 0.6966949 -0.16816709
[440,] 0.7276943 -0.21979834
[441,] 0.6877488 -0.15274978
[442,] 0.7833176 -0.20725845
[443,] 0.6565882 -0.20687694
[444,] 0.7243350 -0.17831433
[445,] 0.6586212 -0.12159562
[446,] 0.8337877 -0.13550466
[447,] 0.7542255 -0.12960742
[448,] 0.6463398 -0.14757775
[449,] 0.7457355 -0.15480222
[450,] 0.7459408 -0.19432518
[451,] 0.6363059 -0.16918783
[452,] 0.8005134 -0.20010092
[453,] 0.7768195 -0.17802799
[454,] 0.8202111 -0.13141145
[455,] 0.7037221 -0.23476264
[456,] 0.7263231 -0.14339172
[457,] 0.7379002 -0.13376473
[458,] 0.6790409 -0.05376742
[459,] 0.7471233 -0.13695127
[460,] 0.7518993 -0.13470028
[461,] 0.7315442 -0.09392323
[462,] 0.7155508 -0.14422429
[463,] 0.6159699 -0.20911938
[464,] 0.5777924 -0.11619076
[465,] 0.7244765 -0.19885440
[466,] 0.8515656 -0.13903969
[467,] 0.7972369 -0.21332199
[468,] 0.7448783 -0.18829766
[469,] 0.6956560 -0.17430491
[470,] 0.7508587 -0.22705094
[471,] 0.7512304 -0.14437129
[472,] 0.6330022 -0.14689035
[473,] 0.5987445 -0.21526981
[474,] 0.7245717 -0.17454331
[475,] 0.6616077 -0.15986934
[476,] 0.6065642 -0.16908963
[477,] 0.6518830 -0.16526446
[478,] 0.7319891 -0.14136527
[479,] 0.6465372 -0.16510350
[480,] 0.6466121 -0.20489870
[481,] 0.6927693 -0.19985834
[482,] 0.7945167 -0.11693667
[483,] 0.6608442 -0.21374321
[484,] 0.6701933 -0.16876245
[485,] 0.7584418 -0.15491893
[486,] 0.7674861 -0.20091011
[487,] 0.7994742 -0.16839081
[488,] 0.8108666 -0.14510261
[489,] 0.8342857 -0.20677546
[490,] 0.7068453 -0.14838268
[491,] 0.7219911 -0.18287852
[492,] 0.8773615 -0.20508244
[493,] 0.7869982 -0.16867307
[494,] 0.7163256 -0.14677573
[495,] 0.6028775 -0.21056922
[496,] 0.6469539 -0.16055712
[497,] 0.6984896 -0.19720378
[498,] 0.7896254 -0.20349946
[499,] 0.7503324 -0.16884814
[500,] 0.8009771 -0.16520162

$eta_mat_est
            [,1]      [,2]      [,3]      [,4]     [,5]
  [1,] 1.2335745 1.1329723 1.0847963 1.0366039 1.647863
  [2,] 1.8713070 1.6344452 1.6657983 1.6054661 2.476170
  [3,] 3.2874208 2.9815015 2.8643954 2.8637977 4.378024
  [4,] 0.9450119 0.8735298 0.8382029 0.8310433 1.311071
  [5,] 2.9649381 2.4722264 2.5879331 2.4907278 3.925804
  [6,] 1.2162694 1.0736426 1.1377055 1.0493615 1.706366
  [7,] 1.6844216 1.6023736 1.5555696 1.5622354 2.268401
  [8,] 0.9806242 0.9141879 0.8428649 0.8697306 1.303158
  [9,] 1.8839179 1.7117011 1.6582595 1.6270543 2.470090
 [10,] 1.6174795 1.4743789 1.5373816 1.4788272 2.231729
 [11,] 1.6900670 1.5589751 1.5553938 1.4615739 2.307390
 [12,] 1.0512277 0.9712602 0.9153234 0.9296195 1.452341
 [13,] 0.9204929 0.8265804 0.8417144 0.8263478 1.241362
 [14,] 1.5260986 1.3853269 1.3756237 1.3076164 1.990220
 [15,] 1.6871407 1.5631790 1.5120727 1.5537628 2.257260
 [16,] 0.9008742 0.8335554 0.8161942 0.8000192 1.203856
 [17,] 1.2110786 1.1152882 1.0700090 1.0331536 1.617967
 [18,] 1.0403799 0.9369838 0.9573091 0.8925142 1.420204
 [19,] 1.9376723 1.7519351 1.6873788 1.6469862 2.469873
 [20,] 1.1532689 1.0299137 1.0440220 1.0369516 1.606651
 [21,] 1.1333024 0.9983391 0.9347263 0.9854466 1.549871
 [22,] 0.8552940 0.7575515 0.7872183 0.7821149 1.178884
 [23,] 1.2207458 1.1111517 1.0431072 1.0301639 1.580015
 [24,] 1.8538329 1.7216825 1.6640000 1.6124656 2.440062
 [25,] 1.0713602 0.9520169 0.9288219 0.9003837 1.423888
 [26,] 1.6981555 1.4909602 1.5313834 1.4687807 2.198993
 [27,] 3.0264433 2.6821775 2.6012829 2.5632859 4.058448
 [28,] 1.2926880 1.1880082 1.1972029 1.1499855 1.790483
 [29,] 1.5633059 1.4569355 1.4765807 1.5422439 2.225084
 [30,] 1.5018518 1.3717448 1.3446665 1.2861394 1.974990
 [31,] 3.1413357 2.8367860 2.8941469 2.7533004 4.291599
 [32,] 1.2778255 1.1274827 1.1632263 1.0810208 1.628538
 [33,] 1.2509544 1.1422023 1.1289886 1.1008431 1.703660
 [34,] 1.5476411 1.4360985 1.3423569 1.3851941 2.011164
 [35,] 1.1171741 0.9734648 0.9782871 0.9578465 1.520783
 [36,] 0.9174191 0.8746929 0.8752746 0.8104860 1.207481
 [37,] 0.9468689 0.8519993 0.8654825 0.8254067 1.284362
 [38,] 0.8790564 0.8318599 0.8128498 0.7966936 1.208557
 [39,] 1.0980925 0.9954184 0.9933352 0.9641061 1.503537
 [40,] 1.7034682 1.4744042 1.5595116 1.4561907 2.172555
 [41,] 1.6025206 1.4887397 1.4017337 1.5063272 2.168260
 [42,] 1.0983019 1.0047857 1.0137561 1.0123925 1.494981
 [43,] 1.0205933 0.9177391 0.9853583 0.9446113 1.400733
 [44,] 0.9931000 0.8814347 0.8641164 0.8462204 1.233378
 [45,] 1.0121183 0.8924737 0.9001924 0.8635143 1.335604
 [46,] 1.1495875 1.0088936 1.0824040 0.9953720 1.492786
 [47,] 1.0539161 0.9308536 0.9481688 0.9102134 1.453877
 [48,] 1.0686918 0.9947764 0.9746762 0.9618446 1.455633
 [49,] 1.1933979 1.1030898 1.0867016 1.1093748 1.647915
 [50,] 1.7473652 1.6739012 1.6542687 1.6276547 2.470725
 [51,] 1.7674941 1.6330016 1.6315913 1.5741586 2.417884
 [52,] 1.7775634 1.6280818 1.6718581 1.6058924 2.409997
 [53,] 1.5844632 1.4688108 1.4299053 1.4302502 2.120562
 [54,] 0.9655388 0.9346481 0.8686193 0.9094168 1.320674
 [55,] 1.5571018 1.3861668 1.3924793 1.3387397 2.050928
 [56,] 0.9938887 0.9400375 0.9244410 0.9472348 1.418323
 [57,] 0.9261520 0.8374156 0.8200650 0.8118707 1.229579
 [58,] 1.0209537 0.9181993 0.9196222 0.8804640 1.386038
 [59,] 1.1359133 0.9479853 1.0041920 0.9193146 1.407688
 [60,] 1.7537990 1.5148775 1.5347889 1.4798469 2.296885
 [61,] 0.8882230 0.7968905 0.8432914 0.8211058 1.179947
 [62,] 1.1039846 0.9519837 0.9830840 0.9533180 1.415462
 [63,] 1.6613183 1.4395264 1.4378556 1.3955378 2.134724
 [64,] 1.1963105 1.0454349 1.0554170 1.0238103 1.586961
 [65,] 1.0653120 0.9437797 0.9650536 0.9199978 1.411544
 [66,] 2.7675083 2.3453846 2.3664362 2.2812951 3.546014
 [67,] 1.0865132 0.9794752 0.9796384 0.9246488 1.417024
 [68,] 2.0137948 1.7767153 1.7383045 1.6943953 2.557333
 [69,] 1.7092415 1.4912509 1.5518288 1.5366888 2.218474
 [70,] 1.8376135 1.5890704 1.5912486 1.5251567 2.389359
 [71,] 1.1043182 0.9629929 1.0072718 0.9885203 1.438720
 [72,] 2.9370868 2.6654989 2.8478394 2.8786946 4.297228
 [73,] 1.0904558 1.0216378 0.9417576 0.9700334 1.449889
 [74,] 1.8376075 1.6854081 1.6507970 1.6608831 2.432433
 [75,] 1.0372511 0.9626211 0.9796333 0.9886490 1.442559
 [76,] 1.0129174 0.9383103 0.9325429 0.9134207 1.332041
 [77,] 1.0117751 0.9599331 0.9115800 0.9380466 1.414986
 [78,] 1.4070970 1.2223629 1.2565624 1.2048249 1.769532
 [79,] 1.0604291 0.9091489 0.9188347 0.8927387 1.431253
 [80,] 0.9882667 0.9201443 0.8863181 0.8675488 1.359026
 [81,] 0.9822334 0.9092625 0.9107449 0.8947628 1.326301
 [82,] 1.7844406 1.6809573 1.5786531 1.6108412 2.370505
 [83,] 1.8089856 1.6720948 1.6649571 1.6786070 2.439446
 [84,] 1.2141203 1.0885029 1.0628268 1.0630120 1.621371
 [85,] 1.5371786 1.3660751 1.3139434 1.2992410 1.951533
 [86,] 1.5464884 1.3690411 1.3941943 1.3216484 1.968957
 [87,] 0.8721102 0.8006082 0.7966267 0.7883743 1.198359
 [88,] 2.1487096 1.8560147 1.8053435 1.7839784 2.769050
 [89,] 1.4988285 1.3917830 1.4395458 1.4689891 2.220311
 [90,] 1.0252832 0.9106237 0.9059016 0.8753197 1.383852
 [91,] 1.8603715 1.7798887 1.6648132 1.6683951 2.457263
 [92,] 1.1859913 1.0373465 1.0606970 1.0390957 1.493318
 [93,] 1.1555656 1.0444515 1.0255070 1.0212208 1.523999
 [94,] 1.1660616 1.1148946 1.0724961 1.0948378 1.610997
 [95,] 0.9673269 0.9059992 0.9110240 0.9155918 1.318184
 [96,] 1.0058251 0.9177549 0.8987167 0.8935807 1.331978
 [97,] 1.5964144 1.4959654 1.4536130 1.4923754 2.222249
 [98,] 1.0736959 0.9842393 0.9558579 0.9270730 1.419573
 [99,] 1.0827119 1.0014551 0.9936994 0.9675280 1.445981
[100,] 1.8407079 1.6638169 1.6033554 1.5958080 2.436448
[101,] 0.9636122 0.8811757 0.8879805 0.8532106 1.332467
[102,] 1.6850074 1.5855993 1.4568792 1.4485900 2.203308
[103,] 3.0142253 2.7667112 2.7244627 2.7051780 4.188261
[104,] 1.5940038 1.4022094 1.4063071 1.4150780 2.124726
[105,] 0.9106649 0.8334083 0.8513480 0.8137981 1.236827
[106,] 1.9569020 1.8014592 1.8400975 1.7859830 2.590907
[107,] 0.8548898 0.7783247 0.7802001 0.7733980 1.134874
[108,] 2.3495942 2.1775583 2.1970351 2.1226174 3.281306
[109,] 1.6361236 1.4841764 1.4825744 1.4331482 2.161015
[110,] 1.1968996 1.1074059 1.0135739 1.0227253 1.638840
[111,] 1.7411811 1.5734532 1.6161977 1.5648579 2.279187
[112,] 2.3832099 2.2291229 2.2037848 2.1580221 3.202629
[113,] 1.0601847 0.9519102 0.9610367 0.9103080 1.369989
[114,] 1.0684395 0.9626436 0.9061910 0.9039264 1.378971
[115,] 1.6803662 1.4840822 1.5250708 1.4704776 2.199014
[116,] 3.3769302 3.1008530 3.1013862 3.0857682 4.686015
[117,] 0.9510099 0.8720075 0.8751365 0.8348992 1.262286
[118,] 1.0654330 0.9798312 1.0083797 0.9657564 1.479224
[119,] 1.9097492 1.7688230 1.7160275 1.7296521 2.670816
[120,] 1.0275604 0.9139426 0.9440385 0.9374020 1.467885
[121,] 1.7129089 1.5271969 1.5863056 1.5484386 2.324933
[122,] 1.7300943 1.5132407 1.5066111 1.3937042 2.198869
[123,] 2.1820676 2.0302909 2.0866008 2.0361803 3.027229
[124,] 1.2043168 1.0868091 1.0576849 1.0862539 1.649520
[125,] 1.1860105 1.0946734 1.0580455 1.0531115 1.631497
[126,] 0.9151564 0.7792890 0.8705510 0.8129177 1.244943
[127,] 1.6774033 1.4707835 1.4178114 1.4322215 2.291372
[128,] 1.1373854 1.0276163 1.0921199 1.0657901 1.599683
[129,] 1.0764362 0.9817159 1.0228987 0.9731071 1.508724
[130,] 1.0975983 1.0101365 0.9831618 0.9507518 1.496427
[131,] 2.0581751 1.8866455 1.8007567 1.8354875 2.859971
[132,] 1.0950946 1.0103883 0.9589077 0.9379511 1.461724
[133,] 1.2139572 1.0938662 1.0810460 1.0344972 1.601336
[134,] 2.6489103 2.3397619 2.1830313 2.1485101 3.463047
[135,] 0.8670960 0.7929241 0.7655229 0.7605700 1.104370
[136,] 1.8572093 1.7686897 1.7395146 1.7528244 2.577582
[137,] 0.9167953 0.8641075 0.8432379 0.8489891 1.286095
[138,] 1.0082555 0.9066738 0.9325930 0.8739250 1.390893
[139,] 1.6495600 1.5275458 1.4663169 1.5386692 2.215440
[140,] 1.7076366 1.5175799 1.4954288 1.4572222 2.287779
[141,] 0.9633874 0.8683653 0.8901048 0.8444576 1.279005
[142,] 2.9029605 2.6102465 2.5805768 2.6090242 4.058305
[143,] 0.8836711 0.7970405 0.8143093 0.7626781 1.144511
[144,] 1.0631618 0.9744100 0.9745114 0.9564934 1.451092
[145,] 1.0524383 0.9577653 0.9853864 0.9471103 1.431797
[146,] 0.8882707 0.7958345 0.7837126 0.7449049 1.153884
[147,] 1.1278479 1.0257062 1.0260979 0.9669336 1.522378
[148,] 1.4241069 1.3209873 1.3308721 1.3350948 1.952184
[149,] 1.1567668 1.0127828 1.0508030 1.0055746 1.576907
[150,] 3.1471787 2.9333297 2.7714189 2.7907731 4.279290
[151,] 1.9686111 1.8242948 1.8061029 1.8208454 2.741743
[152,] 1.7887639 1.6437563 1.6748926 1.6895902 2.452249
[153,] 1.2573605 1.1803218 1.1258416 1.1685604 1.744913
[154,] 1.2000746 1.0831349 1.1050663 1.0728189 1.630623
[155,] 1.7674051 1.5162278 1.4941407 1.4262701 2.243825
[156,] 1.8508624 1.6772148 1.6899218 1.6483108 2.484549
[157,] 1.5214715 1.2996072 1.3315687 1.2770051 2.013707
[158,] 0.9160243 0.8693761 0.8403469 0.8842715 1.283206
[159,] 0.8779816 0.7923520 0.7980214 0.7747744 1.192401
[160,] 1.0646456 0.9810168 0.9984568 0.9493383 1.473148
[161,] 0.9341119 0.8120523 0.8555808 0.8294000 1.284697
[162,] 1.0831138 0.9770496 0.9920019 0.9756333 1.537941
[163,] 1.7564614 1.6495062 1.6170352 1.6028905 2.322032
[164,] 1.0542685 0.9555759 0.9567031 0.9252820 1.419541
[165,] 2.7092327 2.3736950 2.3971359 2.2911635 3.570090
[166,] 1.0124593 0.9224029 0.9224691 0.8821728 1.359082
[167,] 1.0231501 0.8845160 0.9249110 0.9022841 1.403953
[168,] 1.0962854 0.9828797 0.9798320 0.9606470 1.483619
[169,] 1.1483451 1.0457765 1.0467439 1.0490050 1.486076
[170,] 2.2139510 1.9402708 1.9016319 1.7721086 2.854649
[171,] 1.8003098 1.6499558 1.6208596 1.6130740 2.386539
[172,] 0.9731301 0.8604759 0.8379406 0.8101970 1.310501
[173,] 3.3326412 2.9040710 2.9991147 2.8486492 4.369028
[174,] 1.0348616 0.9241345 0.9526252 0.9056154 1.370561
[175,] 1.5048579 1.3883512 1.4309662 1.3983909 2.007173
[176,] 1.2666332 1.1609896 1.1665578 1.1714312 1.746120
[177,] 1.2313335 1.1210454 1.1423627 1.1700739 1.707342
[178,] 1.2086468 1.0218441 1.0588257 1.0529161 1.635394
[179,] 1.9487391 1.7309613 1.8514852 1.7599807 2.613686
[180,] 1.1349192 1.0198304 1.0659172 1.0747046 1.568004
[181,] 0.9997163 0.9088549 0.9026921 0.8687281 1.304555
[182,] 1.7588881 1.6673228 1.6234045 1.5868938 2.382656
[183,] 1.5895438 1.4414139 1.4339423 1.4127165 2.235909
[184,] 1.2336742 1.0675955 1.1207585 1.0263645 1.644902
[185,] 1.2184919 1.0877112 1.0709445 1.0620218 1.631228
[186,] 1.1227213 1.0318621 0.9831618 1.0004334 1.478523
[187,] 0.9834155 0.8341709 0.8759637 0.8397785 1.351536
[188,] 1.6781917 1.5023655 1.4998341 1.4499630 2.288221
[189,] 1.6720536 1.5854288 1.5577555 1.5163808 2.354039
[190,] 1.2128546 1.1212081 1.1044390 1.0935583 1.583204
[191,] 1.4273720 1.2270759 1.2923248 1.2227647 1.852650
[192,] 2.4887846 2.1284274 2.1875158 2.1655672 3.381492
[193,] 1.8610199 1.8022157 1.7141718 1.7334681 2.594332
[194,] 1.3755131 1.1928410 1.1434357 1.1797216 1.733139
[195,] 1.0882532 1.0203698 1.0325128 1.0176335 1.507455
[196,] 1.1927545 1.0758159 1.0690178 1.0376960 1.547835
[197,] 1.8557144 1.5677259 1.6058789 1.4982043 2.385529
[198,] 1.5348897 1.4215713 1.3791670 1.3704888 2.078041
[199,] 1.7268900 1.5677657 1.5615586 1.5534754 2.272362
[200,] 0.8775658 0.8259827 0.8087365 0.8040635 1.212798
[201,] 1.0852696 0.9921342 1.0008581 1.0094837 1.534604
[202,] 2.0735617 1.8570614 1.8023312 1.7622982 2.749570
[203,] 3.1662663 2.8015953 2.7330287 2.7149150 4.283988
[204,] 1.1211377 1.0218160 1.0135368 1.0057690 1.514728
[205,] 1.6636226 1.5681550 1.4885467 1.5633376 2.263454
[206,] 1.1768850 1.0879304 1.0228487 1.0300041 1.610686
[207,] 1.0116464 0.9286787 0.9758810 0.9221566 1.411221
[208,] 2.5688286 2.3496237 2.3395964 2.3574242 3.546251
[209,] 2.5135077 2.2103934 2.2315563 2.2206996 3.567364
[210,] 1.6650248 1.4799409 1.4790826 1.4493402 2.137578
[211,] 1.1087763 1.0074623 1.0353460 1.0244719 1.540559
[212,] 1.0803634 0.9817856 0.9977551 0.9854044 1.506131
[213,] 2.1464802 1.9612959 1.8899162 1.8047703 2.871797
[214,] 1.7046326 1.5211914 1.5622954 1.5298139 2.330267
[215,] 1.8348785 1.5852155 1.5374272 1.4967559 2.412579
[216,] 1.6324416 1.4952242 1.4070433 1.4074828 2.128898
[217,] 2.5628007 2.2384474 2.1902772 2.1387180 3.359225
[218,] 1.0155326 0.9167175 0.9188747 0.9099569 1.364642
[219,] 1.0493214 0.9047003 0.9062930 0.8990640 1.423054
[220,] 1.6378967 1.5029795 1.4809310 1.5017387 2.226458
[221,] 2.2120328 2.0469005 2.1008242 2.1712045 3.213429
[222,] 1.1711665 1.0658187 1.0166485 1.0214427 1.542882
[223,] 1.7004748 1.5516408 1.5305256 1.5633701 2.330391
[224,] 1.5204287 1.3447031 1.4086051 1.3549576 2.099381
[225,] 2.0062080 1.8414254 1.7815946 1.7826681 2.650371
[226,] 0.9916051 0.8369795 0.8732471 0.8214463 1.296200
[227,] 1.0066371 0.8615361 0.8851460 0.8432635 1.314214
[228,] 0.8925424 0.7772285 0.7647461 0.7551769 1.183186
[229,] 1.8795858 1.7184779 1.7177720 1.6906297 2.609534
[230,] 1.3936798 1.2349399 1.1815101 1.2264204 1.804861
[231,] 1.4233236 1.2770107 1.2949252 1.2575316 1.868723
[232,] 0.9800330 0.8620782 0.8912271 0.8591053 1.332905
[233,] 1.0203613 0.9507638 0.9411694 0.9433878 1.353402
[234,] 2.0004635 1.6803583 1.7817113 1.7027100 2.637275
[235,] 1.0055816 0.9425749 0.8468777 0.9036433 1.320938
[236,] 0.9670387 0.8491796 0.8242130 0.8187620 1.272753
[237,] 1.0706974 0.9806614 0.9475226 0.9453376 1.427216
[238,] 2.2405269 2.0340193 1.9910222 1.9285028 2.982942
[239,] 1.5344743 1.4335539 1.4370564 1.3632551 2.119895
[240,] 1.7118696 1.5683989 1.5044348 1.5919868 2.409277
[241,] 1.0330994 0.8965938 0.9398896 0.8853104 1.363104
[242,] 1.1941502 1.0945963 1.0652083 1.0748093 1.618021
[243,] 1.1408385 1.0357605 1.0453249 1.0254330 1.547073
[244,] 1.0031169 0.9259847 0.8501996 0.8877488 1.359341
[245,] 1.5083850 1.3610862 1.3435352 1.3208019 1.967594
[246,] 2.3831546 2.3234054 2.1192376 2.2285518 3.267092
[247,] 0.9829953 0.8648829 0.9383052 0.9200106 1.360927
[248,] 1.1689470 1.0610241 1.0675104 1.0849291 1.553074
[249,] 4.4494217 4.1264633 3.9016181 4.0018151 6.211276
[250,] 1.5346005 1.3915705 1.3444937 1.3131123 2.001490
[251,] 0.9873019 0.8698397 0.8686480 0.8634583 1.344592
[252,] 1.6065052 1.4694913 1.4905337 1.4527332 2.189531
[253,] 1.7631584 1.5834573 1.7067893 1.6026079 2.291266
[254,] 0.9104830 0.8231443 0.7914476 0.8116884 1.277293
[255,] 1.2522804 1.0501255 1.0833015 1.0680829 1.660569
[256,] 1.8081672 1.6431461 1.5024770 1.5734316 2.362455
[257,] 0.9592891 0.8967491 0.8763712 0.8513050 1.328408
[258,] 1.4192071 1.2290043 1.3423589 1.2590155 1.904416
[259,] 0.9857276 0.8994952 0.8786504 0.8570088 1.313708
[260,] 2.5970104 2.2623904 2.3338143 2.2379793 3.496974
[261,] 1.8281657 1.6351446 1.6398419 1.5986017 2.404574
[262,] 1.4542372 1.3199724 1.3519465 1.2697477 1.948083
[263,] 1.6579506 1.3733367 1.4042257 1.3537726 2.123076
[264,] 1.0721594 1.0165201 0.9557716 0.9824331 1.414831
[265,] 1.5383357 1.4095072 1.4140670 1.3698448 2.061544
[266,] 1.0934297 0.9808888 0.9582278 0.9198546 1.440279
[267,] 0.9912739 0.8689422 0.9064450 0.8703772 1.395800
[268,] 1.1574479 1.0903117 1.0713625 1.0656494 1.644435
[269,] 1.6605294 1.5289622 1.5375236 1.4449362 2.269317
[270,] 1.5400644 1.3843586 1.4153090 1.3580859 2.119054
[271,] 1.0959087 0.9320591 1.0174235 0.9279475 1.418035
[272,] 1.1883761 1.0650748 1.0755132 1.0563089 1.654700
[273,] 1.8316092 1.6540337 1.6158974 1.6301620 2.540064
[274,] 0.8972350 0.8255110 0.8203239 0.8183948 1.210945
[275,] 1.0923816 1.0520975 0.9842384 1.0729836 1.582294
[276,] 1.1969813 1.1125407 1.0711465 1.0974117 1.669407
[277,] 1.8496222 1.6508154 1.6245610 1.5912446 2.422513
[278,] 1.5714750 1.4094666 1.3888408 1.3152936 2.085985
[279,] 1.0218950 0.9596044 0.9091729 0.9146074 1.401497
[280,] 0.9741588 0.8824321 0.8829504 0.8650595 1.330585
[281,] 1.0919792 0.9432538 1.0074772 0.9966725 1.416802
[282,] 1.0915850 0.9922320 0.9869950 0.9533009 1.451603
[283,] 1.9182901 1.7710039 1.8026181 1.7188897 2.643059
[284,] 1.2835091 1.1493342 1.2094863 1.1331843 1.728298
[285,] 2.1849850 1.9307090 2.0270665 1.9289746 2.963018
[286,] 1.1171215 1.0144397 0.9326720 0.9322078 1.417895
[287,] 1.0810626 0.9559806 0.9689525 0.9370453 1.468779
[288,] 0.9965295 0.8643185 0.8669291 0.8407536 1.329261
[289,] 1.0646886 0.9579499 0.9988359 0.9731092 1.460688
[290,] 1.0800690 0.9680819 0.9835169 0.9277447 1.436457
[291,] 1.0838718 1.0004822 0.9955775 0.9809692 1.439996
[292,] 1.6017705 1.4093777 1.4241030 1.3701419 2.073656
[293,] 1.1064121 1.0517363 0.9982781 1.0285492 1.516164
[294,] 1.0683666 1.0315322 1.0071130 1.0078052 1.438904
[295,] 1.1628897 1.0544458 1.0511648 1.0165387 1.588594
[296,] 1.1052069 0.9864693 1.0150437 0.9715330 1.443758
[297,] 1.7422224 1.5771507 1.5663041 1.5332707 2.336002
[298,] 1.7600790 1.6033991 1.6078520 1.5898672 2.384359
[299,] 1.2228114 1.1018517 1.1000698 1.0574438 1.611625
[300,] 0.9235107 0.8735012 0.8577118 0.8581985 1.234562
[301,] 1.5274295 1.3747068 1.4131905 1.3666666 2.071449
[302,] 1.7352232 1.5512485 1.5757260 1.5384489 2.396324
[303,] 1.2257106 1.1169594 1.1177289 1.0793143 1.645385
[304,] 1.8275090 1.6344956 1.6728176 1.6545809 2.522831
[305,] 1.0407121 0.9225972 0.9269347 0.9089256 1.341762
[306,] 1.6460374 1.4739186 1.5710544 1.5110087 2.222567
[307,] 5.9475482 5.2812581 5.1671157 4.9652634 7.614322
[308,] 0.8720777 0.7655969 0.8031803 0.7740446 1.103877
[309,] 1.5963134 1.4805639 1.5345285 1.5305424 2.228275
[310,] 1.5229062 1.4298039 1.4037394 1.3948261 2.177171
[311,] 1.0763584 0.9525365 1.0204996 0.9754168 1.456256
[312,] 1.3355248 1.2172107 1.2201736 1.1855579 1.821297
[313,] 1.1384428 1.0090104 1.0345971 0.9874031 1.514983
[314,] 1.9928499 1.8567515 1.8355338 1.8143100 2.713098
[315,] 1.1530396 1.0820273 1.0750070 1.0542129 1.591157
[316,] 1.1054729 0.9803160 1.0294702 0.9910034 1.495156
[317,] 0.9823166 0.8768888 0.8724698 0.8359116 1.281453
[318,] 1.1184550 1.0171715 1.0300048 0.9875818 1.527906
[319,] 0.9862086 0.8940181 0.8413985 0.8790825 1.370750
[320,] 1.1680858 1.0344219 1.1185459 1.0865492 1.633484
[321,] 1.1015302 0.9457694 0.9649682 0.9340403 1.475453
[322,] 1.1107059 1.0359962 1.0345758 1.0371638 1.500243
[323,] 1.7519898 1.5668070 1.5460519 1.4984966 2.274866
[324,] 1.0073297 0.9745212 0.8887833 0.8889672 1.364258
[325,] 1.2400374 1.1302048 1.0775917 1.0569140 1.673259
[326,] 1.3111415 1.1908153 1.1127860 1.1564759 1.741689
[327,] 0.9659633 0.8470135 0.8525718 0.8310070 1.301566
[328,] 1.0508741 0.9212622 0.9419462 0.9080870 1.391091
[329,] 1.5984780 1.4887452 1.4422855 1.4592453 2.223022
[330,] 1.5177085 1.4214860 1.4104815 1.3580730 2.004850
[331,] 2.2699029 1.9465713 1.9611451 1.9196363 3.119550
[332,] 1.8290583 1.5883689 1.7048852 1.6817091 2.513164
[333,] 1.1551971 1.0434128 1.1231157 1.0518903 1.575063
[334,] 1.6538765 1.4649272 1.5606382 1.5357206 2.317069
[335,] 1.6495509 1.5065093 1.5255457 1.4311297 2.202403
[336,] 0.9956630 0.8997492 0.9592197 0.9216258 1.399571
[337,] 4.5150331 4.0053100 4.0349361 3.9471231 6.185389
[338,] 1.8349559 1.6069964 1.6003654 1.5716920 2.427065
[339,] 1.0355832 0.9305618 0.9212397 0.8900100 1.396409
[340,] 1.2508697 1.2094189 1.1403190 1.1929071 1.730277
[341,] 0.8800284 0.8097922 0.7929458 0.7536432 1.183330
[342,] 1.9029252 1.6859533 1.7491928 1.6898955 2.524453
[343,] 1.4384548 1.3118618 1.3004819 1.2517071 1.986902
[344,] 1.0123994 0.8594871 0.9531195 0.8839896 1.349154
[345,] 1.6648454 1.4398286 1.5510221 1.4709006 2.178078
[346,] 1.0315552 0.9924870 0.9023385 0.9114192 1.405805
[347,] 1.7922200 1.6740215 1.6652268 1.6776461 2.432274
[348,] 3.2468130 2.9213447 2.8261722 2.7594760 4.354436
[349,] 1.2745597 1.1477663 1.1960025 1.1804161 1.697832
[350,] 1.2052447 1.0529540 1.0337467 1.0529544 1.630683
[351,] 1.7200949 1.5615420 1.5944634 1.5347288 2.307864
[352,] 3.1896910 2.7820535 2.8520034 2.7412446 4.314405
[353,] 1.6867739 1.5411590 1.5861483 1.5693168 2.338685
[354,] 1.0899046 1.0114946 0.9972577 0.9965337 1.468465
[355,] 1.1780195 1.1001317 1.0827804 1.0524773 1.631941
[356,] 1.1108860 1.0567704 1.0455849 1.0499376 1.499406
[357,] 1.0299673 0.9455458 0.9257714 0.9344984 1.433819
[358,] 1.9483374 1.8034381 1.8597855 1.7993900 2.703397
[359,] 1.1511196 1.0144510 1.0036923 0.9578147 1.468116
[360,] 1.5786295 1.4556460 1.4364039 1.3851934 2.183530
[361,] 1.0895260 0.9448792 0.9988119 0.9458251 1.472237
[362,] 2.7586797 2.5276950 2.5884134 2.4984831 3.834406
[363,] 1.0580560 0.9596956 0.9437965 0.9194321 1.419104
[364,] 1.1130570 0.9894981 0.9835325 0.9715811 1.426125
[365,] 1.3249540 1.2192566 1.2012195 1.1937370 1.821056
[366,] 0.9148008 0.8061827 0.8591586 0.8231135 1.215819
[367,] 1.0468932 0.9489050 0.9654620 0.9565551 1.374266
[368,] 0.8957960 0.8110818 0.8140877 0.7845116 1.222615
[369,] 1.1097320 0.9510067 1.0684373 1.0244011 1.548454
[370,] 1.1095696 1.0007550 0.9881471 1.0369119 1.533343
[371,] 1.9127193 1.6672262 1.7624542 1.6689550 2.550637
[372,] 5.1340810 4.8554206 4.6560616 4.6525757 7.074051
[373,] 1.5847878 1.4578527 1.5005701 1.4298456 2.139863
[374,] 1.6045861 1.3935040 1.3787060 1.3390429 2.101616
[375,] 1.4220819 1.3433039 1.3400448 1.3168060 1.964669
[376,] 0.9408298 0.8712561 0.8207882 0.8366286 1.255734
[377,] 1.1496881 1.0457713 1.0094345 0.9851888 1.474680
[378,] 1.0452995 0.9935150 0.9684773 0.9413985 1.425610
[379,] 1.0397807 0.9857325 0.9734912 0.9838603 1.434815
[380,] 1.0147891 0.9495288 0.9196559 0.8991512 1.339702
[381,] 1.1519238 0.9855686 1.0428746 0.9808689 1.426481
[382,] 1.2543211 1.0283915 1.1265738 1.0145132 1.586401
[383,] 1.1691824 1.0475983 1.0147757 1.0083623 1.560882
[384,] 1.5659140 1.4083382 1.3814497 1.3872821 2.034961
[385,] 1.0896401 0.9187148 0.9803660 0.9290178 1.407266
[386,] 0.9593699 0.8832106 0.8789561 0.8665057 1.324314
[387,] 1.1787489 1.0246182 1.0562142 1.0262390 1.551998
[388,] 1.0249176 0.8944751 0.9128436 0.8748066 1.350648
[389,] 1.1696997 1.0500813 1.0343166 1.0177614 1.574846
[390,] 1.6123014 1.5014454 1.5001336 1.5118470 2.227076
[391,] 1.1653204 1.0341407 1.0464894 1.0589775 1.646494
[392,] 0.9617223 0.8534700 0.8527703 0.8218088 1.245818
[393,] 1.1229865 1.0288290 1.0729372 1.0010786 1.509230
[394,] 1.5651306 1.4469614 1.3521942 1.3435961 2.038901
[395,] 1.1145976 0.9771191 1.0146079 0.9413541 1.500690
[396,] 1.0174628 0.8973477 0.9321827 0.9106888 1.418301
[397,] 1.3441200 1.2498568 1.2424630 1.2406501 1.842062
[398,] 2.2645100 2.0658187 2.0358436 1.9108490 2.987773
[399,] 1.0292878 0.8998920 0.9580756 0.9101243 1.343087
[400,] 1.9311711 1.7395800 1.7784674 1.7143028 2.623584
[401,] 1.0962989 1.0003274 0.9684125 0.9186358 1.475801
[402,] 1.5292394 1.4364856 1.4008546 1.3552033 2.082048
[403,] 1.6544607 1.5164226 1.4735555 1.4811214 2.307288
[404,] 1.5156681 1.3750986 1.3276263 1.3555226 1.976952
[405,] 1.2231775 1.0538188 1.0666693 1.0472323 1.512233
[406,] 1.4835988 1.3324513 1.3079383 1.2795973 1.970853
[407,] 1.3885882 1.2921843 1.2502726 1.2425504 1.925299
[408,] 1.2182959 1.0975835 1.0859063 1.0600879 1.653386
[409,] 1.1211891 1.0339222 1.0152722 1.0058515 1.483371
[410,] 0.9051507 0.7944385 0.8200960 0.7668653 1.188640
[411,] 1.9509894 1.7997448 1.7697345 1.8311699 2.745269
[412,] 1.1496920 1.0752980 1.0412659 1.0285867 1.614567
[413,] 2.8964811 2.6172663 2.5777431 2.5518692 3.914618
[414,] 1.1377494 1.0149946 0.9490919 0.9673187 1.436502
[415,] 1.0949695 1.0157351 1.0369520 1.0023457 1.488151
[416,] 1.3936195 1.2967092 1.2440618 1.2820148 1.955738
[417,] 1.1314247 1.0349989 1.0752803 1.0229856 1.546492
[418,] 1.6021558 1.4510132 1.4448548 1.4046948 2.142453
[419,] 1.8369131 1.5922645 1.5109738 1.5248637 2.367483
[420,] 1.0935959 0.9791124 0.9472175 0.9324545 1.455802
[421,] 2.8483840 2.6158077 2.6121705 2.5019729 3.850809
[422,] 1.0338207 0.9402110 0.8845233 0.9058272 1.421941
[423,] 1.5877062 1.4685525 1.4052663 1.3669917 2.187082
[424,] 1.2961215 1.1186835 1.1815660 1.1462109 1.764008
[425,] 1.8125225 1.6261222 1.6216971 1.5728532 2.415808
[426,] 1.0710588 0.9690642 0.9756312 0.9521596 1.467284
[427,] 1.0858203 0.9582519 0.9241515 0.9405784 1.488731
[428,] 0.9814537 0.9148207 0.8882138 0.8851934 1.350152
[429,] 1.0394950 0.9460475 0.8997155 0.8956888 1.441605
[430,] 1.0363235 0.9731998 0.9388784 0.9278924 1.391924
[431,] 1.1441977 1.0459563 1.0279670 0.9884185 1.524846
[432,] 0.9503551 0.8529927 0.8920897 0.8726551 1.288324
[433,] 0.9914794 0.8675835 0.8722942 0.8107550 1.278428
[434,] 1.6459985 1.4717444 1.4474301 1.4237465 2.229889
[435,] 0.9914179 0.9058885 0.8994326 0.8575230 1.343307
[436,] 0.9430255 0.8427891 0.8650311 0.8649746 1.291037
[437,] 0.9545538 0.8328095 0.9226710 0.8320756 1.359582
[438,] 3.8624547 3.1856230 3.3766676 3.2326508 5.072160
[439,] 1.0353612 0.9525630 0.9613697 0.9314419 1.419006
[440,] 1.0637869 0.9540287 1.0063535 0.9878935 1.449232
[441,] 1.0514451 0.9714487 1.0007970 1.0134370 1.473374
[442,] 1.0101053 0.9097232 0.8977493 0.8799788 1.355355
[443,] 4.3973480 3.8383859 3.7870902 3.6242430 5.810357
[444,] 0.9766962 0.8975114 0.8795127 0.8571194 1.312796
[445,] 1.9178989 1.7428668 1.6957155 1.6454102 2.547976
[446,] 1.7583208 1.6343915 1.5871158 1.5213255 2.404370
[447,] 1.6772139 1.4847704 1.4832957 1.4566904 2.211418
[448,] 1.1436652 1.0389157 1.0599995 1.0320942 1.566483
[449,] 0.9236307 0.8434743 0.8511791 0.8214114 1.303989
[450,] 1.8278498 1.5717419 1.6000983 1.5470273 2.406618
[451,] 1.3968693 1.2368436 1.2825169 1.1833983 1.843188
[452,] 0.9246981 0.8431858 0.8415258 0.8158248 1.241068
[453,] 1.7571398 1.6151359 1.5884912 1.5283257 2.349289
[454,] 1.0550491 0.9413758 0.9790251 0.9455733 1.461514
[455,] 1.6132398 1.4511972 1.3387949 1.3730948 2.082253
[456,] 2.2081057 2.0237149 2.0174361 1.9929133 2.953166
[457,] 1.2492284 1.0951517 1.1728076 1.1207752 1.715767
[458,] 2.3139289 2.0866492 2.0840168 2.0026834 3.072564
[459,] 1.0246181 0.8965609 0.9697290 0.9151250 1.407687
[460,] 1.9290291 1.7736488 1.6777651 1.6510935 2.531002
[461,] 0.9595683 0.8261200 0.8636916 0.8354718 1.287654
[462,] 1.6052198 1.5269414 1.4914349 1.4741059 2.210610
[463,] 1.4588302 1.4952476 1.3658716 1.3670138 2.143266
[464,] 3.8664867 3.5263583 3.2943711 3.3871406 5.161416
[465,] 0.9442759 0.8688936 0.8272712 0.8354813 1.292187
[466,] 2.2372212 1.8950605 2.0237511 1.9138394 2.935285
[467,] 2.6076709 2.4817084 2.4314863 2.2999180 3.576212
[468,] 2.2330077 2.0025604 2.0463690 1.9972474 3.120511
[469,] 1.5034961 1.4746089 1.3692014 1.3944097 2.058025
[470,] 1.3070442 1.2305214 1.2125063 1.1880821 1.795705
[471,] 1.0856556 0.9674247 0.9923553 0.9864815 1.510128
[472,] 2.0519423 1.9570770 1.8453003 1.8443341 2.656079
[473,] 1.0564620 0.9456814 0.9343609 0.8942558 1.376316
[474,] 0.8889564 0.7771007 0.8044682 0.7654911 1.183177
[475,] 1.1996127 1.0653980 1.0565031 0.9967771 1.647321
[476,] 0.9662842 0.8864249 0.9043635 0.8621296 1.306542
[477,] 1.1729700 1.1201791 1.0298218 1.0706058 1.595858
[478,] 1.0697475 1.0008566 1.0088112 1.0017653 1.546495
[479,] 1.6443888 1.4863297 1.5189717 1.4359652 2.136337
[480,] 1.2427309 1.1367705 1.1336324 1.1242833 1.737819
[481,] 1.2778057 1.1386840 1.1126038 1.1553032 1.814113
[482,] 1.6604055 1.4595532 1.4095473 1.4181834 2.194087
[483,] 1.0805569 0.9455803 0.9903105 0.9308368 1.380186
[484,] 1.2343254 1.1229395 1.1185045 1.1174859 1.594854
[485,] 1.3404898 1.2578491 1.1366003 1.2060254 1.770977
[486,] 1.8820014 1.6644480 1.7499877 1.6826162 2.530990
[487,] 1.0740872 1.0087868 0.9651639 0.9602693 1.481157
[488,] 1.0394573 0.8911327 0.9477264 0.8951211 1.475526
[489,] 2.1136531 1.8643967 1.8023987 1.7817837 2.775710
[490,] 3.1174153 2.8291317 2.6853594 2.7807806 4.153195
[491,] 1.1394843 0.9763256 1.0457091 0.9916562 1.557597
[492,] 1.1959997 1.0504004 1.1344166 1.0914731 1.589293
[493,] 1.2780890 1.1517968 1.1423778 1.0742018 1.673693
[494,] 3.4805269 2.9791504 3.0818604 2.9050052 4.591982
[495,] 1.7914424 1.6190263 1.6400358 1.5672844 2.435593
[496,] 1.7713961 1.6048497 1.5934467 1.5061362 2.316578
[497,] 1.5984063 1.4485274 1.4569055 1.3885246 2.137117
[498,] 1.1402216 1.0416635 1.0304395 1.0057146 1.526357
[499,] 1.1427385 1.0106839 0.9907094 0.9591567 1.514577
[500,] 0.8891782 0.7988396 0.8250846 0.7824665 1.190789

