$eta_opt
[1] 1.4735294 0.4902848 0.4917199 1.9670608 0.9817091

$eta_bias
[1] -0.16449129 -0.04302104 -0.04757185 -0.23652288 -0.11715664

$eta_sd
[1] 0.3903008 0.2609006 0.2410889 0.5706968 0.2730899

$M_est_mean
[1] 0.5168074

$M_est_sd
[1] 0.03814198

$V_est_mean
[1] 0.2589235

$V_est_sd
[1] 0.05927687

$V_clin_mean
[1] 0.2535647

$V_clin_sd
[1] 0.05688007

$VY_est_mean
[1] 0.08912454

$VY_est_sd
[1] 0.03577573

$VY_clin_mean
[1] 0.08829228

$VY_clin_sd
[1] 0.03642723

$VZ_est_mean
[1] 0.3283962

$VZ_est_sd
[1] 0.06846674

$VZ_clin_mean
[1] 0.3305448

$VZ_clin_sd
[1] 0.05263859

$pcd_mean
[1] 0.984271

$pcd_sd
[1] 0.04503319

$PCD_vec
  [1] 0.9920 0.9930 0.9930 0.9900 0.9940 0.9905 0.9930 0.9855 0.9945 0.9950
 [11] 0.9970 0.9890 0.9925 0.9905 0.9825 0.9940 0.9910 0.9865 0.6790 0.9805
 [21] 0.9910 0.9935 0.9915 0.9905 0.9945 0.9850 0.9825 0.9890 0.9910 0.9855
 [31] 0.9910 0.9840 0.9945 0.9900 0.9875 0.9900 0.6750 0.9815 0.9945 0.9940
 [41] 0.9955 0.9915 0.9890 0.9875 0.9915 0.9930 0.9930 0.9935 0.9905 0.9915
 [51] 0.9800 0.9950 0.9910 0.9890 0.9905 0.9955 0.9925 0.9865 0.9905 0.9930
 [61] 0.9885 0.9935 0.9905 0.9920 0.9955 0.9915 0.9930 0.9875 0.9950 0.9840
 [71] 0.9930 0.9875 0.9890 0.9840 0.9940 0.9910 0.9910 0.9875 0.9920 0.9930
 [81] 0.9940 0.9885 0.9900 0.9945 0.9910 0.9950 0.9870 0.9820 0.9960 0.9940
 [91] 0.9945 0.9875 0.9945 0.9810 0.9945 0.9840 0.9955 0.9915 0.9910 0.9910
[101] 0.9940 0.9805 0.9930 0.9925 0.9930 0.9950 0.9930 0.9895 0.9885 0.9935
[111] 0.9830 0.9950 0.9785 0.9875 0.9790 0.9950 0.9930 0.9925 0.9875 0.9945
[121] 0.9950 0.9910 0.9905 0.9860 0.9940 0.9955 0.9905 0.9940 0.9940 0.9930
[131] 0.9930 0.9915 0.9880 0.9825 0.9840 0.6995 0.9845 0.9945 0.9880 0.9930
[141] 0.9910 0.9895 0.9930 0.9900 0.9895 0.9925 0.9840 0.9835 0.7090 0.9945
[151] 0.9890 0.9915 0.9935 0.9910 0.9935 0.9950 0.9950 0.9890 0.9780 0.9910
[161] 0.9935 0.9940 0.9880 0.9950 0.9880 0.9945 0.9890 0.9920 0.9955 0.9835
[171] 0.9860 0.9935 0.9905 0.9940 0.9915 0.9920 0.9975 0.9920 0.9930 0.9900
[181] 0.9920 0.9925 0.9940 0.9885 0.6265 0.9900 0.9940 0.9825 0.9925 0.9875
[191] 0.9945 0.9915 0.9925 0.9915 0.9940 0.9910 0.9915 0.9825 0.9945 0.9955
[201] 0.9885 0.9945 0.9905 0.9850 0.9900 0.6735 0.9855 0.9960 0.9910 0.9910
[211] 0.9940 0.9900 0.9875 0.9860 0.9940 0.9925 0.9945 0.9945 0.9905 0.9930
[221] 0.9870 0.9940 0.9930 0.9915 0.9950 0.9905 0.9840 0.9925 0.9945 0.9930
[231] 0.9945 0.9935 0.9845 0.9950 0.9945 0.9945 0.9965 0.9855 0.9920 0.9930
[241] 0.9915 0.9945 0.9895 0.9920 0.9930 0.9950 0.9945 0.9920 0.9960 0.9925
[251] 0.9905 0.9940 0.9930 0.9945 0.9960 0.9895 0.9930 0.9970 0.9915 0.9795
[261] 0.9905 0.9895 0.9890 0.9820 0.9935 0.9940 0.9930 0.9915 0.9905 0.9895
[271] 0.9930 0.9865 0.9900 0.9870 0.9905 0.9955 0.9870 0.9855 0.9910 0.9940
[281] 0.9925 0.9920 0.9965 0.9940 0.9845 0.9865 0.9930 0.9880 0.9915 0.6585
[291] 0.9895 0.9945 0.9850 0.9900 0.9895 0.9905 0.9855 0.9875 0.9930 0.9925
[301] 0.9835 0.9935 0.9955 0.6655 0.9945 0.9880 0.9905 0.9860 0.9955 0.9815
[311] 0.9920 0.9915 0.9870 0.9875 0.9895 0.9890 0.9810 0.9900 0.9880 0.9855
[321] 0.9900 0.9945 0.9900 0.9935 0.9965 0.9945 0.9930 0.9945 0.9940 0.9930
[331] 0.9865 0.9915 0.9940 0.9875 0.9935 0.9835 0.9920 0.9945 0.9915 0.9935
[341] 0.9950 0.6540 0.9885 0.9860 0.9940 0.9960 0.9850 0.9940 0.9945 0.9875
[351] 0.9945 0.9885 0.9945 0.9945 0.9905 0.9780 0.9965 0.9905 0.9870 0.9955
[361] 0.9895 0.9865 0.9910 0.9930 0.9960 0.9895 0.9865 0.9930 0.9875 0.9940
[371] 0.9925 0.9940 0.9835 0.9880 0.9900 0.9880 0.9950 0.9905 0.9915 0.9935
[381] 0.9800 0.9895 0.9930 0.9955 0.9945 0.9905 0.9860 0.9945 0.9925 0.9910
[391] 0.9945 0.9940 0.9950 0.9905 0.9910 0.9965 0.9930 0.9885 0.9900 0.9810
[401] 0.9930 0.9890 0.9825 0.9920 0.9905 0.9895 0.9925 0.9875 0.9905 0.9945
[411] 0.9920 0.9745 0.9870 0.9875 0.9915 0.9945 0.9935 0.9765 0.9765 0.9800
[421] 0.9935 0.9920 0.9910 0.9950 0.9955 0.9940 0.9830 0.9910 0.9930 0.9910
[431] 0.9890 0.9940 0.9935 0.9875 0.9925 0.9920 0.9890 0.9930 0.9925 0.9930
[441] 0.9935 0.9865 0.9850 0.9895 0.9910 0.9860 0.9850 0.9900 0.9935 0.9925
[451] 0.9930 0.9850 0.9940 0.9940 0.9850 0.9890 0.9955 0.9895 0.9930 0.9890
[461] 0.9865 0.9970 0.9950 0.9895 0.9910 0.9955 0.9910 0.9885 0.9885 0.9850
[471] 0.9905 0.9835 0.9950 0.9840 0.9925 0.9915 0.6730 0.9840 0.9935 0.9885
[481] 0.9940 0.9910 0.9855 0.9910 0.9940 0.9845 0.9880 0.9930 0.9925 0.9935
[491] 0.9935 0.9910 0.9930 0.9915 0.9935 0.9930 0.9850 0.9895 0.9910 0.9885

$M_est_vec
  [1] 0.5485675 0.5261745 0.4923311 0.5651749 0.5250048 0.5323428 0.5517146
  [8] 0.4935681 0.5938627 0.5574447 0.5680109 0.5174676 0.5271102 0.5658114
 [15] 0.5445620 0.5081598 0.5315137 0.5235178 0.5699006 0.4014178 0.5965547
 [22] 0.5242864 0.5121265 0.5260889 0.5419359 0.5187132 0.5017346 0.4866870
 [29] 0.5002946 0.5438236 0.5104691 0.5385509 0.4918261 0.4668945 0.4936564
 [36] 0.4535068 0.4782300 0.4784387 0.5436439 0.4820201 0.5408793 0.4752881
 [43] 0.4987439 0.5347369 0.4991448 0.6009448 0.5451874 0.5000359 0.4341440
 [50] 0.4700545 0.4563108 0.5137821 0.4841733 0.5790777 0.5423953 0.4975103
 [57] 0.5688567 0.4834602 0.5057064 0.5100548 0.5082015 0.4937317 0.5464311
 [64] 0.4629863 0.5476746 0.5446344 0.5645044 0.4799545 0.5690523 0.4800366
 [71] 0.4933488 0.5274227 0.5535844 0.5244101 0.5708184 0.5141679 0.4817601
 [78] 0.5573965 0.4726592 0.5545667 0.5788301 0.4821650 0.5009236 0.5716259
 [85] 0.5035153 0.5711549 0.5058541 0.4760252 0.5501590 0.5318394 0.5508953
 [92] 0.5421361 0.5247484 0.4918173 0.5529806 0.5389752 0.5448521 0.5272216
 [99] 0.4802897 0.5374538 0.5359872 0.5238026 0.5301734 0.4780443 0.4730982
[106] 0.5533479 0.5111388 0.5198059 0.4698317 0.5632812 0.5493441 0.5221150
[113] 0.4702206 0.5175756 0.4577040 0.4726369 0.5010217 0.6010183 0.5480258
[120] 0.5596058 0.5147638 0.5190936 0.5015883 0.5046242 0.5366823 0.5347704
[127] 0.5241906 0.5479347 0.5323771 0.4776856 0.4309180 0.4894253 0.5420134
[134] 0.4752801 0.4706389 0.5256915 0.4907909 0.5508375 0.4966840 0.5006059
[141] 0.5370661 0.5342664 0.5370945 0.5106837 0.5685161 0.5297443 0.5098766
[148] 0.4979995 0.6961114 0.5589915 0.4538922 0.5431487 0.5722510 0.5408512
[155] 0.5284423 0.5128882 0.5256128 0.5509560 0.5167161 0.5053505 0.5010851
[162] 0.5199455 0.4513679 0.5427851 0.5164097 0.5186659 0.4952309 0.5978347
[169] 0.5879236 0.5197568 0.5165629 0.5350401 0.4834952 0.5108696 0.5407644
[176] 0.5593840 0.5269337 0.5577957 0.5519104 0.5555587 0.4972843 0.5607424
[183] 0.4498779 0.4686636 0.5114857 0.5562258 0.5481989 0.4980795 0.4620688
[190] 0.5493727 0.5195406 0.4567196 0.5114693 0.5142594 0.5220049 0.5820545
[197] 0.5163168 0.4696913 0.4763993 0.5796353 0.5298491 0.5395619 0.5329610
[204] 0.4849257 0.5809369 0.4954105 0.5261035 0.5332346 0.5007598 0.5164712
[211] 0.5867898 0.5171206 0.4828584 0.5748347 0.5330305 0.5074522 0.4762608
[218] 0.5774232 0.4926009 0.4794437 0.4961480 0.5441641 0.5393429 0.4822788
[225] 0.5785864 0.5553481 0.4912998 0.5143934 0.5304840 0.4563604 0.5478773
[232] 0.5184712 0.4973932 0.5024329 0.4712733 0.5996248 0.5885519 0.5404332
[239] 0.5277611 0.5080281 0.4802837 0.4311334 0.5103273 0.5051337 0.4625760
[246] 0.5454564 0.4791135 0.5275197 0.4750845 0.5373178 0.5179688 0.5092275
[253] 0.5305060 0.5383038 0.5658906 0.4998196 0.4883785 0.4930871 0.4961177
[260] 0.5093567 0.5352917 0.4794370 0.5169870 0.5581403 0.5399615 0.4996436
[267] 0.5864421 0.5154597 0.4813133 0.5545321 0.5963116 0.4551566 0.5532425
[274] 0.5305725 0.5008120 0.4871617 0.5665380 0.5297658 0.5188082 0.5414864
[281] 0.5076205 0.4974853 0.5535905 0.5322578 0.4655411 0.4535869 0.4777060
[288] 0.4548369 0.4940545 0.4380105 0.5366365 0.5181903 0.4954439 0.5252002
[295] 0.4547930 0.5031665 0.5912391 0.4736577 0.4755398 0.4968765 0.5261195
[302] 0.4702297 0.5391392 0.4631592 0.5199327 0.5114947 0.4879168 0.4717835
[309] 0.4942927 0.4706349 0.5689934 0.5144677 0.4814664 0.4616011 0.4985627
[316] 0.4507511 0.4914589 0.4793232 0.4466312 0.5057548 0.5209089 0.5094805
[323] 0.5213102 0.5574782 0.6034906 0.5662588 0.5389496 0.4728337 0.5895885
[330] 0.5299975 0.4559870 0.5973555 0.5047989 0.5088710 0.5398436 0.4807206
[337] 0.5645837 0.5431702 0.4999894 0.5285873 0.5874501 0.3337653 0.5361494
[344] 0.5744890 0.5089913 0.4832950 0.5548252 0.4759859 0.5396502 0.4742935
[351] 0.5365589 0.5057266 0.5455731 0.5825980 0.5480289 0.5057279 0.5229671
[358] 0.4722269 0.4997034 0.5572648 0.4402188 0.5419946 0.4579010 0.4831584
[365] 0.5664557 0.5208697 0.4973169 0.5633510 0.4608597 0.5361465 0.5085009
[372] 0.5332162 0.4832090 0.4991218 0.4679152 0.5093106 0.5534149 0.5403420
[379] 0.5162129 0.4809887 0.5354330 0.4917919 0.5442282 0.4584998 0.5261609
[386] 0.5490227 0.5130631 0.5079657 0.4970963 0.4658597 0.5635312 0.4887153
[393] 0.4996047 0.5201657 0.5141887 0.5477608 0.5027263 0.5080632 0.5292181
[400] 0.4659106 0.5187321 0.4914367 0.4428336 0.5185305 0.5268126 0.4415734
[407] 0.4921479 0.4784863 0.4945386 0.5724640 0.5286392 0.5327655 0.5249720
[414] 0.4691121 0.5171254 0.5370038 0.4465084 0.5528953 0.5248929 0.4890951
[421] 0.5487669 0.4773618 0.4861661 0.5234629 0.4958116 0.4944291 0.5028936
[428] 0.4648595 0.5584553 0.5510677 0.4499659 0.4932121 0.5251133 0.5420374
[435] 0.4912816 0.5550159 0.4924050 0.5256310 0.5543980 0.5413384 0.5168413
[442] 0.5351144 0.5425375 0.5099266 0.4838655 0.5352279 0.5247660 0.5469568
[449] 0.5399700 0.5282294 0.4525652 0.5301591 0.4699152 0.4998359 0.4867370
[456] 0.5552927 0.4996211 0.5759726 0.5119547 0.4650115 0.4936825 0.5700055
[463] 0.5135187 0.5570914 0.5255695 0.5153218 0.4973185 0.5209550 0.4927479
[470] 0.4588550 0.6120939 0.5464514 0.5928141 0.4818543 0.5246292 0.4554066
[477] 0.4138752 0.4988723 0.5418527 0.5066015 0.4915075 0.5043788 0.5426312
[484] 0.5113610 0.5680845 0.4966510 0.4930736 0.4741464 0.5646196 0.5093482
[491] 0.5274892 0.5451230 0.5266529 0.5770489 0.5239068 0.5352307 0.5000142
[498] 0.5221554 0.4813175 0.5499643

