$eta_opt
[1] 1.0667623 1.1543105 1.1517050 0.8839227 1.5981519

$eta_bias
[1] 0.07643993 0.09006110 0.09553559 0.06563661 0.12428107

$eta_sd
[1] 0.4292282 0.3710917 0.3788874 0.3953731 0.5571492

$M_est_mean
[1] 0.8848426

$M_est_sd
[1] 0.3329892

$V_est_mean
[1] 0.8028911

$V_est_sd
[1] 0.06557352

$V_clin_mean
[1] 0.7984769

$V_clin_sd
[1] 0.0742751

$VY_est_mean
[1] 0.6981797

$VY_est_sd
[1] 0.0616164

$VY_clin_mean
[1] 0.6927375

$VY_clin_sd
[1] 0.06183955

$VZ_est_mean
[1] -0.1265244

$VZ_est_sd
[1] 0.0393677

$VZ_clin_mean
[1] -0.1321742

$VZ_clin_sd
[1] 0.0396547

$pcd_mean
[1] 0.979089

$pcd_sd
[1] 0.01334732

$PCD_vec
  [1] 0.9590 0.9940 0.9640 0.9940 0.9615 0.9650 0.9620 0.9910 0.9605 0.9475 0.9700 0.9840 0.9555
 [14] 0.9860 0.9745 0.9810 0.9860 0.9950 0.9635 0.9790 0.9890 0.9795 0.9645 0.9930 0.9695 0.9640
 [27] 0.9855 0.9860 0.9790 0.9890 0.9665 0.9875 0.9890 0.9530 0.9920 0.9945 0.9800 0.9800 0.9810
 [40] 0.9680 0.9695 0.9930 0.9960 0.9845 0.9930 0.9705 0.9890 0.9715 0.9885 0.9940 0.9900 0.9915
 [53] 0.9880 0.9520 0.9605 0.9720 0.9890 0.9710 0.9780 0.9665 0.9965 0.9850 0.9725 0.9770 0.9810
 [66] 0.9875 0.9920 0.9845 0.9485 0.9845 0.9950 0.9770 0.9665 0.9530 0.9780 0.9915 0.9515 0.9745
 [79] 0.9645 0.9765 0.9455 0.9775 0.9730 0.9630 0.9870 0.9680 0.9925 0.9915 0.9750 0.9830 0.9575
 [92] 0.9915 0.9655 0.9855 0.9910 0.9500 0.9940 0.9880 0.9845 0.9580 0.9735 0.9715 0.9935 0.9985
[105] 0.9825 0.9800 0.9960 0.9720 0.9755 0.9870 0.9525 0.9985 0.9705 0.9865 0.9760 0.9745 0.9830
[118] 0.9635 0.9800 0.9840 0.9895 0.9790 0.9840 0.9870 0.9605 0.9850 0.9850 0.9745 0.9950 0.9865
[131] 0.9895 0.9915 0.9640 0.9680 0.9940 0.9645 0.9945 0.9885 0.9845 0.9915 0.9710 0.9740 0.9915
[144] 0.9595 0.9935 0.9805 0.9835 0.9900 0.9645 0.9905 0.9725 0.9755 0.9800 0.9950 0.9905 0.9800
[157] 0.9930 0.9865 0.9785 0.9895 0.9950 0.9735 0.9690 0.9860 0.9760 0.9490 0.9865 0.9890 0.9865
[170] 0.9885 0.9890 0.9835 0.9925 0.9680 0.9975 0.9830 0.9695 0.9715 0.9525 0.9885 0.9775 0.9925
[183] 0.9850 0.9795 0.9935 0.9880 0.9880 0.9640 0.9770 0.9805 0.9660 0.9860 0.9795 0.9810 0.9810
[196] 0.9840 0.9855 0.9955 0.9865 0.9740 0.9895 0.9895 0.9790 0.9960 0.9895 0.9715 0.9615 0.9895
[209] 0.9935 0.9925 0.9800 0.9740 0.9830 0.9765 0.9875 0.9805 0.9805 0.9940 0.9955 0.9880 0.9770
[222] 0.9815 0.9835 0.9770 0.9850 0.9945 0.9860 0.9885 0.9655 0.9915 0.9835 0.9490 0.9915 0.9955
[235] 0.9540 0.9585 0.9840 0.9645 0.9845 0.9895 0.9895 0.9945 0.9725 0.9395 0.9890 0.9755 0.9610
[248] 0.9850 0.9955 0.9840 0.9765 0.9640 0.9870 0.9870 0.9895 0.9805 0.9925 0.9880 0.9940 0.9900
[261] 0.9435 0.9915 0.9680 0.9715 0.9835 0.9825 0.9910 0.9645 0.9930 0.9700 0.9850 0.9970 0.9885
[274] 0.9940 0.9400 0.9700 0.9455 0.9445 0.9785 0.9780 0.9435 0.9905 0.9925 0.9930 0.9775 0.9600
[287] 0.9960 0.9810 0.9900 0.9735 0.9665 0.9410 0.9930 0.9835 0.9680 0.9700 0.9645 0.9650 0.9655
[300] 0.9945 0.9495 0.9725 0.9595 0.9800 0.9885 0.9725 0.9790 0.9715 0.9990 0.9765 0.9960 0.9845
[313] 0.9800 0.9850 0.9895 0.9665 0.9920 0.9820 0.9810 0.9895 0.9895 0.9505 0.9885 0.9595 0.9845
[326] 0.9945 0.9850 0.9825 0.9795 0.9680 0.9940 0.9790 0.9815 0.9920 0.9595 0.9660 0.9730 0.9910
[339] 0.9870 0.9860 0.9620 0.9925 0.9660 0.9915 0.9840 0.9950 0.9705 0.9610 0.9630 0.9745 0.9790
[352] 0.9920 0.9845 0.9530 0.9725 0.9770 0.9625 0.9690 0.9530 0.9815 0.9980 0.9915 0.9955 0.9735
[365] 0.9810 0.9960 0.9865 0.9905 0.9780 0.9570 0.9830 0.9730 0.9900 0.9825 0.9860 0.9790 0.9710
[378] 0.9405 0.9635 0.9930 0.9825 0.9830 0.9760 0.9850 0.9865 0.9820 0.9890 0.9740 0.9860 0.9860
[391] 0.9680 0.9930 0.9835 0.9490 0.9840 0.9850 0.9305 0.9320 0.9900 0.9880 0.9805 0.9780 0.9910
[404] 0.9655 0.9920 0.9645 0.9835 0.9975 0.9605 0.9925 0.9970 0.9910 0.9640 0.9620 0.9755 0.9685
[417] 0.9940 0.9620 0.9870 0.9840 0.9920 0.9905 0.9865 0.9825 0.9770 0.9865 0.9735 0.9770 0.9870
[430] 0.9920 0.9690 0.9690 0.9710 0.9705 0.9520 0.9745 0.9915 0.9940 0.9985 0.9535 0.9875 0.9900
[443] 0.9875 0.9720 0.9795 0.9855 0.9685 0.9730 0.9615 0.9835 0.9625 0.9630 0.9825 0.9860 0.9780
[456] 0.9935 0.9880 0.9455 0.9935 0.9865 0.9875 0.9810 0.9730 0.9815 0.9845 0.9875 0.9900 0.9615
[469] 0.9490 0.9820 0.9825 0.9875 0.9955 0.9940 0.9945 0.9960 0.9865 0.9745 0.9785 0.9975 0.9840
[482] 0.9480 0.9610 0.9935 0.9905 0.9890 0.9680 0.9695 0.9890 0.9635 0.9890 0.9825 0.9590 0.9845
[495] 0.9635 0.9910 0.9860 0.9885 0.9870 0.9715

$M_est_vec
  [1] 1.6283322 0.8541026 1.2622948 0.7454263 0.3928252 1.3729386 0.4599291 0.9579456 1.5789180
 [10] 0.3723701 1.1296936 0.6648556 1.2766461 0.9835151 1.1926782 0.6782325 0.8698273 0.9209308
 [19] 1.4612102 0.6161870 0.7003608 1.0891007 0.4828773 0.7511588 1.1270163 1.4416563 1.0874203
 [28] 0.6417929 1.0212308 0.8851351 1.3017840 0.8911344 0.6771828 1.5878177 0.7164917 0.8286582
 [37] 1.1057462 0.6178845 0.6807404 1.4918861 1.3821586 0.7628006 0.8242464 0.9586092 0.7900607
 [46] 0.5582248 0.8453066 0.5141004 0.6284765 0.8619009 0.8778576 0.6968303 0.6702397 1.4224193
 [55] 1.4853597 1.4743051 0.7501293 1.2409391 0.5609731 0.4598784 0.8552636 0.5636208 1.2092658
 [64] 1.1632901 1.0773680 0.8660961 0.9822377 1.0696975 0.3099714 0.6241813 0.7941048 1.1385729
 [73] 1.3560227 0.4154434 1.1452332 0.8648918 0.3845851 1.1988378 1.2332434 1.0449494 0.3099226
 [82] 0.5925923 1.4934797 1.3493278 0.7087686 1.1096775 0.7676994 0.6946182 0.5170021 0.6006744
 [91] 1.4356231 0.8287729 0.4631570 1.0465077 0.8827832 1.6174588 0.7265086 1.0244936 0.6355046
[100] 0.3616972 0.5041238 1.1914718 0.9304541 0.7988876 0.6316529 1.0401271 0.8958498 1.1704268
[109] 1.1894030 1.0038182 1.7250803 0.8364363 1.1183076 0.6505681 0.5692522 0.5533290 0.9355638
[118] 1.4017137 1.0142012 0.9400919 0.9897952 1.1444058 0.6424020 0.6238399 1.7214651 0.6106169
[127] 0.6529704 1.1068825 0.8508071 0.9952301 0.6881883 0.6446712 1.3405036 0.4694811 0.8692733
[136] 0.4764675 0.7736711 0.8093724 0.6580264 0.8580323 0.4921086 1.0536360 0.7271330 1.5957277
[145] 0.7037186 1.0955074 0.6597035 0.6759170 0.4231621 0.7763867 1.1775111 0.5913667 1.1012911
[154] 0.9257857 1.0557209 1.1486391 0.8519102 0.6906504 1.0212974 0.6477697 0.8785944 1.1060933
[163] 1.1697714 0.9735550 0.5604033 0.3550161 0.9239152 0.6716535 0.8572951 0.8428575 0.8734668
[172] 0.5418677 0.8595387 0.4574084 0.8570013 0.6104101 1.1323478 0.4968175 0.4314392 0.9737115
[181] 1.0642580 0.8847369 0.6330631 0.6254066 0.7859952 0.9280797 1.0101549 0.3690737 0.6118791
[190] 1.0898171 1.3687479 0.6804136 0.9946425 0.6295083 0.6088671 1.0739630 1.0031860 0.7302066
[199] 0.9024601 0.5051651 0.9332837 0.7024063 0.5500221 0.7751216 0.8556259 1.1762426 1.6101132
[208] 0.9040775 0.7348458 0.7711981 1.0261080 1.1050972 0.6404766 1.3182707 0.6954620 0.5860310
[217] 1.0432289 0.7924568 0.7352358 0.9275102 1.0894610 0.7004909 0.8961000 1.1476525 0.6000957
[226] 0.8103265 0.6322318 0.8966514 0.4512324 0.8555716 1.0478941 1.5429534 0.7335492 0.7267499
[235] 0.3758999 1.3312739 0.6456920 1.3370082 1.0052238 0.6282446 0.9554344 0.7802151 0.5803764
[244] 0.3031639 0.9935511 0.5678875 0.3767032 0.6774457 0.7011075 0.5950526 1.2606284 0.4252903
[253] 0.6819911 0.9140918 0.8569378 1.1102411 0.7497400 0.7178434 0.7572182 0.9830332 1.7857117
[262] 0.7179073 1.2742174 0.5348675 0.9541991 1.0452383 0.7347338 1.4240086 0.7869528 0.5085939
[271] 0.6531609 0.7846124 0.7001151 0.7881735 0.2808605 0.5600810 1.9311395 0.2644891 1.1311522
[280] 1.0166452 1.8669470 0.8986879 0.8706060 0.7851480 1.1193718 0.5098614 0.8089916 0.6017814
[289] 0.7437271 1.1389737 1.4263863 1.9127803 0.9748441 1.1181182 1.3179676 0.5025635 1.3590280
[298] 0.4341767 1.2737785 0.9252321 1.5702616 1.2239444 0.4432025 0.5814706 0.9636328 0.5323275
[307] 1.2202906 1.1051306 0.7738809 0.5391919 0.7708095 0.6542155 0.5683026 1.0706269 0.8719295
[316] 0.5156713 0.6884542 0.5944558 0.6304733 0.8146532 0.7938754 1.8158983 0.6739886 0.3995741
[325] 1.0203301 0.8589864 0.5147197 0.9646728 0.6586331 1.2928467 0.7437483 0.5833135 0.5805499
[334] 0.6588460 0.4473951 0.4310627 1.1298556 0.7120623 0.6109808 0.6857594 0.4268532 0.8506234
[343] 1.2186489 0.8822028 0.6017542 0.8322662 0.5075018 1.3396956 0.3918589 0.6186064 1.0894874
[352] 0.8274277 0.6015536 1.6955421 1.1775202 1.1034002 1.5117787 1.2555693 1.4627289 0.7257466
[361] 0.7515854 0.8050245 0.7707439 0.5025602 1.0222861 0.7880235 0.9926100 0.9710123 1.1338263
[370] 0.3458522 0.6808498 1.1258420 0.6514951 1.1189969 0.6505691 1.0099245 0.5596562 2.1605749
[379] 0.4699958 0.7030471 1.0511227 0.9536298 1.1909924 0.9746626 0.6716780 1.0702733 0.8327421
[388] 0.4684214 0.6653764 0.7153773 1.3302591 0.7716107 0.9634169 1.7955241 0.9574842 0.6065764
[397] 0.2680565 2.3600091 0.9551708 0.5862426 1.1106608 1.1656670 0.9358909 1.2575666 0.6892884
[406] 1.3149743 0.6059584 0.6949671 0.3796289 0.7728682 0.8582195 0.7174884 0.4693204 1.4113917
[415] 0.5850021 1.3129253 0.7087404 0.5045035 1.0171307 1.0419574 0.8649824 0.9409311 0.7226324
[424] 0.9968652 0.5243689 0.8685150 1.1622941 1.0362006 0.9601379 0.8403743 1.2332489 0.5977327
[433] 1.3074926 1.0619253 1.3516054 0.6435097 0.9006166 0.9424958 0.7632854 1.4909392 0.5273508
[442] 0.8978343 0.7859995 1.2372493 1.0038564 0.6260653 1.2158473 0.5379867 1.3104460 1.0092583
[451] 1.3580855 0.4364942 0.5989779 0.9930300 1.1136730 0.8858591 0.6766335 0.3905179 0.8426414
[460] 0.9002427 0.5990654 0.5755105 1.2312668 0.6285487 0.9379801 0.6542884 0.8441992 0.4214251
[469] 2.0269295 1.0604009 0.6075592 0.7102310 0.8093054 0.8002260 0.8604779 0.8969073 0.9853200
[478] 0.5064227 0.5680704 0.7290837 0.6081878 1.7563860 1.2779691 0.8419092 0.7415482 0.8547059
[487] 1.2467514 0.4710658 0.6160855 1.4415575 0.6702995 0.5908465 1.3475832 0.6571127 1.3858811
[496] 0.9076021 0.7137613 0.9162005 0.9679310 0.5290506

$A_mean
[1] 0.955258

$A_sd
[1] 0.01543648

$clin_v_all
            [,1]        [,2]
  [1,] 0.8111728 -0.10903194
  [2,] 0.6112366 -0.12559964
  [3,] 0.7205735 -0.11576060
  [4,] 0.7329151 -0.15040105
  [5,] 0.6815343 -0.19185883
  [6,] 0.6086976 -0.04996760
  [7,] 0.7307120 -0.18989361
  [8,] 0.7621510 -0.12193917
  [9,] 0.6311144 -0.14700665
 [10,] 0.7532600 -0.18196316
 [11,] 0.7459067 -0.04924531
 [12,] 0.6862833 -0.19303146
 [13,] 0.6238334 -0.09615413
 [14,] 0.7088449 -0.14604653
 [15,] 0.7533937 -0.10045966
 [16,] 0.7163654 -0.08861713
 [17,] 0.6650310 -0.09790924
 [18,] 0.6412896 -0.17180132
 [19,] 0.7396360 -0.13161728
 [20,] 0.6727351 -0.14007946
 [21,] 0.6227030 -0.22065096
 [22,] 0.7846181 -0.17065545
 [23,] 0.6394036 -0.17764881
 [24,] 0.7181363 -0.13664309
 [25,] 0.6745002 -0.18407304
 [26,] 0.6145033 -0.10334176
 [27,] 0.6171072 -0.05573941
 [28,] 0.7724068 -0.14209177
 [29,] 0.7302433 -0.10811434
 [30,] 0.7226141 -0.10514212
 [31,] 0.6401755 -0.11848590
 [32,] 0.5371395 -0.09860304
 [33,] 0.6651285 -0.16464973
 [34,] 0.5945881 -0.05942305
 [35,] 0.7203930 -0.15921149
 [36,] 0.7793800 -0.17736761
 [37,] 0.6080499 -0.11199600
 [38,] 0.7331333 -0.19031408
 [39,] 0.7881600 -0.11043842
 [40,] 0.6194401 -0.11232621
 [41,] 0.6942329 -0.09720855
 [42,] 0.7137778 -0.15433333
 [43,] 0.7243938 -0.22688695
 [44,] 0.7036842 -0.18854070
 [45,] 0.7909109 -0.16721952
 [46,] 0.6731023 -0.18393107
 [47,] 0.6237342 -0.15113595
 [48,] 0.7564053 -0.26493798
 [49,] 0.7022107 -0.12646575
 [50,] 0.6870581 -0.14640548
 [51,] 0.6668200 -0.14214370
 [52,] 0.7056257 -0.15562929
 [53,] 0.6271089 -0.13359255
 [54,] 0.7738877 -0.15325057
 [55,] 0.6373923 -0.10960530
 [56,] 0.6776921 -0.10922508
 [57,] 0.6972550 -0.11320289
 [58,] 0.7234837 -0.12255842
 [59,] 0.6526546 -0.13600075
 [60,] 0.6998990 -0.20467403
 [61,] 0.7032297 -0.11176359
 [62,] 0.7502663 -0.18368730
 [63,] 0.6837862 -0.18715594
 [64,] 0.6715734 -0.10246830
 [65,] 0.6644026 -0.11566318
 [66,] 0.6886797 -0.13552020
 [67,] 0.6794575 -0.14366727
 [68,] 0.6381220 -0.16227184
 [69,] 0.6686711 -0.17440031
 [70,] 0.6757744 -0.14253963
 [71,] 0.6916176 -0.13636049
 [72,] 0.6761582 -0.05544582
 [73,] 0.6137261 -0.15554421
 [74,] 0.6748133 -0.21481093
 [75,] 0.6330101 -0.13020558
 [76,] 0.7030834 -0.13680089
 [77,] 0.7011739 -0.17686562
 [78,] 0.7338432 -0.11875464
 [79,] 0.6590281 -0.15567405
 [80,] 0.7260120 -0.13295392
 [81,] 0.7076358 -0.18073217
 [82,] 0.7671806 -0.12863354
 [83,] 0.6250679 -0.08449199
 [84,] 0.7367435 -0.06703792
 [85,] 0.6899890 -0.17474191
 [86,] 0.6086335 -0.05841773
 [87,] 0.5938805 -0.02727857
 [88,] 0.6704847 -0.15874911
 [89,] 0.6893389 -0.20508489
 [90,] 0.6524363 -0.16033823
 [91,] 0.6221643 -0.13161256
 [92,] 0.7017253 -0.12500380
 [93,] 0.7096732 -0.18556633
 [94,] 0.6939189 -0.11678818
 [95,] 0.7296469 -0.12432107
 [96,] 0.6994465 -0.11108358
 [97,] 0.6480565 -0.16004242
 [98,] 0.4905152 -0.10294526
 [99,] 0.6768900 -0.17539051
[100,] 0.7225713 -0.18079818
[101,] 0.5777753 -0.14773571
[102,] 0.7413208 -0.11968826
[103,] 0.6612526 -0.12161581
[104,] 0.6151595 -0.17172002
[105,] 0.6331133 -0.08894916
[106,] 0.6309129 -0.14203087
[107,] 0.6072158 -0.11011308
[108,] 0.7024677 -0.09068126
[109,] 0.6863810 -0.10694861
[110,] 0.7310742 -0.11050317
[111,] 0.6680664 -0.13083999
[112,] 0.6824134 -0.13615508
[113,] 0.7557839 -0.13777842
[114,] 0.6778133 -0.10291954
[115,] 0.8000654 -0.14128607
[116,] 0.6078155 -0.15231595
[117,] 0.5525432 -0.13668524
[118,] 0.6136437 -0.02578023
[119,] 0.5702158 -0.09782763
[120,] 0.7685135 -0.08913178
[121,] 0.7130616 -0.09528845
[122,] 0.6203166 -0.09995865
[123,] 0.6901512 -0.17857528
[124,] 0.7614781 -0.13934248
[125,] 0.7005804 -0.06556875
[126,] 0.7081344 -0.18470567
[127,] 0.6785512 -0.11242969
[128,] 0.7038922 -0.08397885
[129,] 0.7410778 -0.12578854
[130,] 0.6953091 -0.09078116
[131,] 0.6984346 -0.15713157
[132,] 0.7277085 -0.18045082
[133,] 0.7506665 -0.11914396
[134,] 0.7868876 -0.11200798
[135,] 0.6134924 -0.12415389
[136,] 0.7679669 -0.18846350
[137,] 0.7393920 -0.12959706
[138,] 0.5718534 -0.06981011
[139,] 0.7031654 -0.15572309
[140,] 0.6366276 -0.12466128
[141,] 0.7474885 -0.14629603
[142,] 0.6480550 -0.08225616
[143,] 0.6809339 -0.13934518
[144,] 0.6563814 -0.15561138
[145,] 0.6794028 -0.11141943
[146,] 0.5732093 -0.09826820
[147,] 0.7114161 -0.18495579
[148,] 0.7103807 -0.17548974
[149,] 0.6855046 -0.23964771
[150,] 0.6156636 -0.19507352
[151,] 0.8013187 -0.06020377
[152,] 0.7943746 -0.14028996
[153,] 0.6712777 -0.13926075
[154,] 0.6872065 -0.09680312
[155,] 0.6562585 -0.10008718
[156,] 0.7130875 -0.07344429
[157,] 0.7984103 -0.12240570
[158,] 0.8025349 -0.14705542
[159,] 0.6318703 -0.14908457
[160,] 0.7283958 -0.17975059
[161,] 0.7286894 -0.10150668
[162,] 0.6951464 -0.14861871
[163,] 0.6134045 -0.10649854
[164,] 0.6904024 -0.11670322
[165,] 0.7217099 -0.14063345
[166,] 0.7465785 -0.21907008
[167,] 0.6482984 -0.09555016
[168,] 0.6692563 -0.13068284
[169,] 0.7160635 -0.18957116
[170,] 0.6441150 -0.19242195
[171,] 0.6504494 -0.13929584
[172,] 0.8204795 -0.20065414
[173,] 0.7661804 -0.11159546
[174,] 0.6303100 -0.17219989
[175,] 0.7533804 -0.09801467
[176,] 0.7232017 -0.14822977
[177,] 0.7708523 -0.09538332
[178,] 0.6498314 -0.22406573
[179,] 0.7198213 -0.18530075
[180,] 0.7057198 -0.13029636
[181,] 0.6894983 -0.14635988
[182,] 0.7521739 -0.13416033
[183,] 0.7936949 -0.09205631
[184,] 0.6688474 -0.16185774
[185,] 0.7029866 -0.06315968
[186,] 0.6777330 -0.16010676
[187,] 0.7395082 -0.15096676
[188,] 0.7472334 -0.15694750
[189,] 0.6784354 -0.14098617
[190,] 0.8065235 -0.09384032
[191,] 0.7139754 -0.09412201
[192,] 0.7312826 -0.06339093
[193,] 0.7529772 -0.16360059
[194,] 0.7648794 -0.11912513
[195,] 0.7025117 -0.14530231
[196,] 0.6887977 -0.15299855
[197,] 0.5874053 -0.05320371
[198,] 0.6433093 -0.14274337
[199,] 0.7250902 -0.09398479
[200,] 0.7999986 -0.20871308
[201,] 0.7306622 -0.05990640
[202,] 0.7621628 -0.14825287
[203,] 0.7636806 -0.17243877
[204,] 0.6374475 -0.13023290
[205,] 0.5316218 -0.11544214
[206,] 0.7057692 -0.18996077
[207,] 0.6277756 -0.11853645
[208,] 0.7189478 -0.18167379
[209,] 0.6847163 -0.10230678
[210,] 0.6898204 -0.13967761
[211,] 0.6535310 -0.14425264
[212,] 0.6554997 -0.10850963
[213,] 0.6770888 -0.09702461
[214,] 0.6710481 -0.12977850
[215,] 0.7517466 -0.12359940
[216,] 0.7776801 -0.13276955
[217,] 0.6877759 -0.13347002
[218,] 0.6348167 -0.11056400
[219,] 0.7066941 -0.07729690
[220,] 0.7854340 -0.09724904
[221,] 0.6726431 -0.11516051
[222,] 0.6963796 -0.12526900
[223,] 0.6506688 -0.11693104
[224,] 0.6349557 -0.06985651
[225,] 0.7030442 -0.13272400
[226,] 0.7329314 -0.10774352
[227,] 0.7652024 -0.17905759
[228,] 0.7159274 -0.18876484
[229,] 0.7127204 -0.19150186
[230,] 0.7882763 -0.14320768
[231,] 0.6248165 -0.05358883
[232,] 0.6810493 -0.13385886
[233,] 0.7451709 -0.12531773
[234,] 0.6531720 -0.08878381
[235,] 0.6772224 -0.25049694
[236,] 0.5570190 -0.08458755
[237,] 0.6128055 -0.11960040
[238,] 0.6767219 -0.11692507
[239,] 0.7055803 -0.07249999
[240,] 0.7541621 -0.15312400
[241,] 0.6018220 -0.12149482
[242,] 0.6310309 -0.10949952
[243,] 0.7462791 -0.16965893
[244,] 0.6419601 -0.17978677
[245,] 0.6452606 -0.11689411
[246,] 0.6201010 -0.13508418
[247,] 0.7887557 -0.18072873
[248,] 0.7550485 -0.15005981
[249,] 0.7515280 -0.12149766
[250,] 0.5746826 -0.14525145
[251,] 0.6711553 -0.08931240
[252,] 0.7593924 -0.17919952
[253,] 0.7419013 -0.17093395
[254,] 0.8021451 -0.15418357
[255,] 0.7090433 -0.14083342
[256,] 0.6872710 -0.10535177
[257,] 0.6409655 -0.11370183
[258,] 0.6482965 -0.23770094
[259,] 0.6985224 -0.16631930
[260,] 0.8006212 -0.13044962
[261,] 0.5649039 -0.10955263
[262,] 0.7009688 -0.14038462
[263,] 0.6283718 -0.13168919
[264,] 0.6694859 -0.18046197
[265,] 0.6768854 -0.14440677
[266,] 0.7145653 -0.09762271
[267,] 0.6891386 -0.21298465
[268,] 0.7050257 -0.08592052
[269,] 0.6416706 -0.14215407
[270,] 0.7444448 -0.16234213
[271,] 0.6590406 -0.11958799
[272,] 0.6362048 -0.13876796
[273,] 0.6876441 -0.16606774
[274,] 0.7739069 -0.16278845
[275,] 0.7300248 -0.19630210
[276,] 0.7021268 -0.13307149
[277,] 0.5973453 -0.07258356
[278,] 0.7499628 -0.19230838
[279,] 0.6469953 -0.10180190
[280,] 0.7813544 -0.13275981
[281,] 0.5504088 -0.10397163
[282,] 0.7137912 -0.11689492
[283,] 0.8171895 -0.11544394
[284,] 0.6403569 -0.14679048
[285,] 0.6901641 -0.11259909
[286,] 0.7434943 -0.16215922
[287,] 0.7119994 -0.11308135
[288,] 0.7037054 -0.14758514
[289,] 0.6602327 -0.14973071
[290,] 0.7242936 -0.05748369
[291,] 0.6496224 -0.08665483
[292,] 0.5259741 -0.09903232
[293,] 0.6456240 -0.11750612
[294,] 0.6547011 -0.08933210
[295,] 0.7926571 -0.09059665
[296,] 0.7752744 -0.16164079
[297,] 0.6334526 -0.11585801
[298,] 0.8054104 -0.20350560
[299,] 0.6461033 -0.09743116
[300,] 0.7649864 -0.10616692
[301,] 0.7244408 -0.08632303
[302,] 0.5792948 -0.12197229
[303,] 0.6484346 -0.14895970
[304,] 0.6822889 -0.18825170
[305,] 0.7009431 -0.11152163
[306,] 0.6949368 -0.15962075
[307,] 0.6403283 -0.08080934
[308,] 0.6319267 -0.14839932
[309,] 0.8109075 -0.11698856
[310,] 0.7223564 -0.14722850
[311,] 0.6825761 -0.10663112
[312,] 0.7504098 -0.11265471
[313,] 0.7505463 -0.14432463
[314,] 0.6233089 -0.08477131
[315,] 0.6569269 -0.16144043
[316,] 0.6998893 -0.17887779
[317,] 0.8005268 -0.15012401
[318,] 0.7093585 -0.14616519
[319,] 0.7128272 -0.10364092
[320,] 0.8056647 -0.13476648
[321,] 0.6854455 -0.11034895
[322,] 0.7360185 -0.07043400
[323,] 0.8042843 -0.12648176
[324,] 0.7812180 -0.14930181
[325,] 0.6650934 -0.13731067
[326,] 0.7269761 -0.09752209
[327,] 0.7431054 -0.13736597
[328,] 0.6190528 -0.11536327
[329,] 0.6635864 -0.12936333
[330,] 0.7971488 -0.13171302
[331,] 0.5998993 -0.14755508
[332,] 0.7525243 -0.10851304
[333,] 0.6914406 -0.17862783
[334,] 0.7017453 -0.14165625
[335,] 0.6748798 -0.21162771
[336,] 0.7150717 -0.20023803
[337,] 0.6473142 -0.11008319
[338,] 0.6946310 -0.12766486
[339,] 0.6686641 -0.16536035
[340,] 0.7146523 -0.08013568
[341,] 0.7160705 -0.15146449
[342,] 0.8427072 -0.13672997
[343,] 0.7036804 -0.04447928
[344,] 0.6352717 -0.15307517
[345,] 0.7406072 -0.13613838
[346,] 0.7206400 -0.14008701
[347,] 0.6831659 -0.16491093
[348,] 0.6635347 -0.14129921
[349,] 0.7272855 -0.20543252
[350,] 0.6487401 -0.12915210
[351,] 0.6997217 -0.10872503
[352,] 0.7567249 -0.11071359
[353,] 0.7283630 -0.12350279
[354,] 0.5894093 -0.08029825
[355,] 0.7097001 -0.16413011
[356,] 0.6156461 -0.11581287
[357,] 0.5881559 -0.07047977
[358,] 0.6340200 -0.14544215
[359,] 0.7211073 -0.08486504
[360,] 0.7196503 -0.12102986
[361,] 0.6510876 -0.12481170
[362,] 0.7707114 -0.21901326
[363,] 0.7273619 -0.19538468
[364,] 0.7966669 -0.13570928
[365,] 0.7058539 -0.14068513
[366,] 0.7212903 -0.20816192
[367,] 0.6094467 -0.08416899
[368,] 0.6361147 -0.12633402
[369,] 0.6629006 -0.11666706
[370,] 0.6836556 -0.18779415
[371,] 0.8648707 -0.15072313
[372,] 0.6865927 -0.09484689
[373,] 0.6918736 -0.10084815
[374,] 0.6846581 -0.13164475
[375,] 0.6070396 -0.09272253
[376,] 0.7416006 -0.07117104
[377,] 0.7319608 -0.16963650
[378,] 0.5951345 -0.03077277
[379,] 0.7782758 -0.18184143
[380,] 0.6450757 -0.12791817
[381,] 0.6514950 -0.17125358
[382,] 0.6048531 -0.14234400
[383,] 0.5574399 -0.18072958
[384,] 0.7075279 -0.13857048
[385,] 0.5833018 -0.18285363
[386,] 0.7149695 -0.09062833
[387,] 0.6921647 -0.11453468
[388,] 0.7375064 -0.16342193
[389,] 0.6773594 -0.15142741
[390,] 0.6899484 -0.17365566
[391,] 0.5970002 -0.11585510
[392,] 0.7220575 -0.14167478
[393,] 0.5858613 -0.17735357
[394,] 0.6434936 -0.10757827
[395,] 0.7741227 -0.09999313
[396,] 0.6581269 -0.12124800
[397,] 0.7895525 -0.19852546
[398,] 0.6952921 -0.07645734
[399,] 0.7592946 -0.07537499
[400,] 0.6897655 -0.19101743
[401,] 0.7682534 -0.08937969
[402,] 0.7152026 -0.07620685
[403,] 0.6829187 -0.14435618
[404,] 0.6973670 -0.09345524
[405,] 0.6992577 -0.18818003
[406,] 0.6219045 -0.13265136
[407,] 0.6627842 -0.08638162
[408,] 0.6422641 -0.12829829
[409,] 0.7231689 -0.17592886
[410,] 0.7078012 -0.11522874
[411,] 0.6956874 -0.10322273
[412,] 0.7118510 -0.12598135
[413,] 0.7437169 -0.16629200
[414,] 0.6617464 -0.10119892
[415,] 0.6755629 -0.08242757
[416,] 0.5768483 -0.09765280
[417,] 0.7469675 -0.15977017
[418,] 0.7910861 -0.17937200
[419,] 0.6797563 -0.15598879
[420,] 0.6564727 -0.08222738
[421,] 0.7050219 -0.14553027
[422,] 0.6962871 -0.12655157
[423,] 0.7043822 -0.12783722
[424,] 0.7063221 -0.10272840
[425,] 0.7396039 -0.11512264
[426,] 0.7510539 -0.18066743
[427,] 0.6811800 -0.06626012
[428,] 0.7458993 -0.08712158
[429,] 0.7505648 -0.07925200
[430,] 0.7419759 -0.13243412
[431,] 0.7625154 -0.04187520
[432,] 0.7242688 -0.16942365
[433,] 0.7381109 -0.09930414
[434,] 0.6465050 -0.08733109
[435,] 0.6823028 -0.11936616
[436,] 0.6188971 -0.12903975
[437,] 0.6435755 -0.17530374
[438,] 0.6517527 -0.05884289
[439,] 0.5758180 -0.12836537
[440,] 0.5805137 -0.11469261
[441,] 0.6897438 -0.17597279
[442,] 0.6636066 -0.09882150
[443,] 0.7880360 -0.14424303
[444,] 0.6010375 -0.09775095
[445,] 0.6048242 -0.13124050
[446,] 0.7965496 -0.19355334
[447,] 0.6148968 -0.10488644
[448,] 0.5899885 -0.15477706
[449,] 0.6678762 -0.12839689
[450,] 0.7268630 -0.11353959
[451,] 0.5740700 -0.10683092
[452,] 0.8762764 -0.17409150
[453,] 0.8038453 -0.11204924
[454,] 0.6899888 -0.10487767
[455,] 0.6836210 -0.12442681
[456,] 0.6501763 -0.07785387
[457,] 0.6861481 -0.17330833
[458,] 0.6679455 -0.20156857
[459,] 0.7850521 -0.12451887
[460,] 0.6542710 -0.11696193
[461,] 0.6919059 -0.17925407
[462,] 0.6642983 -0.08172048
[463,] 0.6409291 -0.11535110
[464,] 0.5943048 -0.17994727
[465,] 0.6950017 -0.06788444
[466,] 0.8262476 -0.17006296
[467,] 0.7931701 -0.13435136
[468,] 0.6928796 -0.17322457
[469,] 0.6596135 -0.08388611
[470,] 0.7956201 -0.06322397
[471,] 0.7181162 -0.17334801
[472,] 0.6280089 -0.12931687
[473,] 0.6661014 -0.16547550
[474,] 0.6919218 -0.10284709
[475,] 0.6627920 -0.07292974
[476,] 0.6267342 -0.16629296
[477,] 0.5936073 -0.09758294
[478,] 0.6383451 -0.18678087
[479,] 0.6304692 -0.16961229
[480,] 0.7490850 -0.09646760
[481,] 0.7474445 -0.13120466
[482,] 0.5884720 -0.07468308
[483,] 0.6673884 -0.10716340
[484,] 0.6913562 -0.14014121
[485,] 0.7315475 -0.14103596
[486,] 0.7196929 -0.09376431
[487,] 0.5998629 -0.13418827
[488,] 0.8235430 -0.16866260
[489,] 0.7829073 -0.02809029
[490,] 0.6540759 -0.11426932
[491,] 0.7082763 -0.15612914
[492,] 0.8650574 -0.11932745
[493,] 0.7213415 -0.12348473
[494,] 0.7615497 -0.09746438
[495,] 0.6080941 -0.06425774
[496,] 0.7053304 -0.18712613
[497,] 0.7217849 -0.12935742
[498,] 0.7006739 -0.12991824
[499,] 0.7326057 -0.12686373
[500,] 0.8003048 -0.17651930

$eta_mat_est
            [,1]      [,2]      [,3]      [,4]     [,5]
  [1,] 0.8969602 1.4464764 1.3964138 0.6924824 1.705586
  [2,] 1.0508555 1.1855002 1.1888584 0.8788736 1.647461
  [3,] 0.7088078 0.9754686 0.9658897 0.5355169 1.232430
  [4,] 1.1818866 1.2379539 1.2318630 0.9964752 1.754184
  [5,] 1.7398125 1.4101492 1.3855928 1.5147549 2.175849
  [6,] 0.9026167 1.3254703 1.2749452 0.7419179 1.593906
  [7,] 1.1249508 0.9624708 0.9939021 1.0271942 1.468283
  [8,] 0.9698260 1.1020320 1.0888634 0.7422114 1.467630
  [9,] 0.8213596 1.2486061 1.2304015 0.5763932 1.516531
 [10,] 1.2912888 1.0578758 1.0332571 1.1796106 1.604063
 [11,] 0.8057531 1.0153066 1.0462337 0.6267017 1.362835
 [12,] 1.0114386 0.9720584 1.0111354 0.8156840 1.377935
 [13,] 0.8090621 1.1210352 1.1645425 0.6248690 1.483233
 [14,] 1.0454494 1.1719271 1.2014118 0.7699890 1.611724
 [15,] 0.8932217 1.1141510 1.1885995 0.6520823 1.483717
 [16,] 1.4792324 1.4094465 1.4913023 1.3239624 2.197953
 [17,] 0.8712664 1.0139840 1.0532184 0.7574808 1.398975
 [18,] 1.0928744 1.2565399 1.2608695 0.8829863 1.714453
 [19,] 1.0948142 1.5142169 1.5632669 0.7838842 1.916516
 [20,] 0.9961528 0.9233386 0.9278018 0.8489998 1.365060
 [21,] 1.1664242 1.1486516 1.1463940 0.9581288 1.662965
 [22,] 0.9201297 1.1531101 1.0422241 0.7203765 1.504236
 [23,] 1.2112955 1.0661054 1.0910633 1.1033565 1.656525
 [24,] 1.3552115 1.3984198 1.4183742 1.0765531 2.024513
 [25,] 0.8815225 1.1685395 1.1018462 0.7118493 1.485733
 [26,] 0.9659538 1.4121585 1.3960698 0.7582426 1.757627
 [27,] 0.9352187 1.1847534 1.1463416 0.7362423 1.543974
 [28,] 1.0014699 1.0696610 1.0328122 0.8947000 1.479160
 [29,] 0.9021182 1.1251795 1.1298591 0.7180598 1.494862
 [30,] 0.9707434 1.1299443 1.1200659 0.8150529 1.513284
 [31,] 0.8639706 1.1360360 1.1215902 0.6322714 1.461324
 [32,] 1.1618141 1.1667025 1.1815939 0.8132053 1.645922
 [33,] 0.9871005 0.9868703 0.9954479 0.8441987 1.408021
 [34,] 0.7247020 1.1705358 1.1245513 0.5682625 1.359418
 [35,] 0.9665536 1.0023000 1.0158739 0.8172351 1.423736
 [36,] 1.0279352 1.0762210 1.0992032 0.8328045 1.575694
 [37,] 0.8705788 1.1143458 1.1195826 0.7432042 1.525302
 [38,] 1.0251555 0.9108882 0.9425911 0.8111824 1.356564
 [39,] 1.1005268 1.0250884 1.0425803 0.9059128 1.519119
 [40,] 0.8099749 1.1226946 1.1032998 0.5890145 1.407595
 [41,] 0.9446565 1.3359072 1.3162686 0.7346254 1.638593
 [42,] 0.7738638 0.8632745 0.8913450 0.6802439 1.234002
 [43,] 1.0798880 1.1512970 1.1778733 0.8775965 1.595383
 [44,] 1.0153456 1.1083288 1.1836802 0.7847635 1.572541
 [45,] 2.6781623 2.8263936 2.9326126 2.2095579 4.166489
 [46,] 1.0551453 0.9857642 0.9146938 0.9555300 1.403134
 [47,] 0.9013757 0.9651078 1.0279129 0.7385238 1.376095
 [48,] 1.8661807 1.7304621 1.7001515 1.6406214 2.481193
 [49,] 1.7792679 1.8119329 1.7903969 1.5118148 2.496958
 [50,] 1.0890906 1.1662469 1.1887170 0.8791792 1.656579
 [51,] 0.9300308 1.0677814 1.0535882 0.7580220 1.471710
 [52,] 1.3888549 1.4186914 1.4406154 1.1863830 1.989427
 [53,] 1.0313417 1.0365769 1.0631294 0.8884391 1.498109
 [54,] 0.8013081 1.1358272 1.1866639 0.5987148 1.495967
 [55,] 0.8195313 1.1027675 1.1419135 0.5643612 1.432985
 [56,] 0.8108230 1.1200502 1.1453067 0.5925054 1.425728
 [57,] 0.9734534 1.0368980 1.0407754 0.8643447 1.467493
 [58,] 0.7316847 0.9778152 0.9873176 0.5433980 1.222701
 [59,] 1.0333937 0.9325433 0.9322565 0.9422507 1.429487
 [60,] 1.0178631 0.9116901 0.8693662 0.9419295 1.399063
 [61,] 1.0008484 1.0742520 1.0727668 0.7915022 1.505306
 [62,] 1.1454596 1.0730555 1.0724014 0.9487319 1.536506
 [63,] 0.9015008 1.1932898 1.2164021 0.6954909 1.548579
 [64,] 0.9021079 1.1903149 1.1806324 0.7133357 1.527429
 [65,] 1.7347816 2.1216615 2.2473386 1.4453951 2.971864
 [66,] 1.0882926 1.2606023 1.2617159 0.8772222 1.729117
 [67,] 1.2250340 1.3770935 1.3976346 0.9356272 1.887324
 [68,] 0.9648195 1.2097189 1.1489206 0.7525326 1.571424
 [69,] 1.5730278 1.2192990 1.2866845 1.5031566 2.026725
 [70,] 0.9975919 0.9989948 0.9607556 0.8433547 1.414741
 [71,] 0.9942853 1.0560743 1.1177066 0.8735169 1.532819
 [72,] 0.9786146 1.2862272 1.3274763 0.7871500 1.619020
 [73,] 0.8395675 1.1627366 1.1794234 0.6399949 1.447579
 [74,] 1.8706048 1.5405978 1.5465645 1.7074879 2.365645
 [75,] 0.9836625 1.1706725 1.2659544 0.7330017 1.601017
 [76,] 0.9539416 1.0661220 1.0705807 0.7373674 1.430028
 [77,] 1.1816670 0.9450643 0.9538956 1.0878302 1.492433
 [78,] 1.0192516 1.3350855 1.3693259 0.8088172 1.715292
 [79,] 0.8867648 1.1997574 1.2396815 0.6808824 1.513881
 [80,] 0.8553694 1.1406789 1.0713888 0.6728398 1.503301
 [81,] 1.3776074 1.0697654 1.0698040 1.3596437 1.742097
 [82,] 1.1544804 1.0501082 1.0647492 0.9935069 1.541873
 [83,] 0.9755991 1.3879811 1.3591865 0.7645397 1.788484
 [84,] 0.8313759 1.2106054 1.2001013 0.7102968 1.552220
 [85,] 0.8357972 0.8719189 0.8096943 0.6640671 1.206731
 [86,] 1.0451737 1.3422765 1.3329076 0.7766913 1.717981
 [87,] 0.9886119 1.0587023 1.1208615 0.7876995 1.518294
 [88,] 0.8843147 0.9183048 0.9317921 0.7565582 1.312512
 [89,] 1.1225927 1.0154481 1.0255006 0.9462204 1.455247
 [90,] 4.0748840 3.8086971 3.8966056 3.4742235 5.633713
 [91,] 0.7180613 1.0453239 1.0363836 0.5142278 1.317534
 [92,] 1.6487420 1.8696498 1.8895286 1.3784341 2.561403
 [93,] 1.1833185 1.0291820 1.0117684 1.0700045 1.619308
 [94,] 1.1054786 1.4090611 1.3551967 0.9510726 1.840671
 [95,] 0.9806752 1.0550145 1.0934692 0.7896395 1.500669
 [96,] 0.8644143 1.2597126 1.2918715 0.5727049 1.610420
 [97,] 1.2836542 1.3782354 1.3511848 1.0863789 1.885566
 [98,] 0.9229934 1.0619070 1.0468134 0.7040055 1.394920
 [99,] 1.1214780 1.0567928 1.1298851 0.9681581 1.592616
[100,] 1.8605813 1.5231339 1.5129899 1.6976494 2.272590
[101,] 1.2827231 1.1351452 1.1471652 1.1076211 1.692186
[102,] 0.8904096 1.1207337 1.1345558 0.6318127 1.544942
[103,] 1.1425409 1.3027950 1.3048519 0.9458974 1.792621
[104,] 0.9647901 1.0331723 1.0490947 0.8104703 1.443276
[105,] 1.4782911 1.4558483 1.5063278 1.3070001 2.117580
[106,] 0.9181513 1.0912661 1.1196045 0.7180978 1.500506
[107,] 0.8302228 0.9276381 0.9101418 0.6684851 1.267578
[108,] 0.7883531 1.0476445 1.0128063 0.6074011 1.336719
[109,] 1.0042446 1.2843227 1.3026049 0.7446179 1.696963
[110,] 0.9204367 1.0923075 1.1438545 0.7297394 1.493243
[111,] 0.7825739 1.1477532 1.1743874 0.5122267 1.419757
[112,] 1.2130048 1.3017595 1.2552526 0.9708386 1.753687
[113,] 0.7843813 0.9554118 0.9414930 0.5957002 1.288984
[114,] 0.9325504 0.9199701 0.9577341 0.8228935 1.299426
[115,] 0.9136139 0.8748240 0.8318658 0.7896130 1.256470
[116,] 1.7013687 1.5143597 1.5926717 1.4569258 2.266152
[117,] 0.8820374 1.0863637 1.0672733 0.8123865 1.506302
[118,] 0.8098647 1.1556859 1.1661582 0.6122558 1.511160
[119,] 0.9958334 1.2451286 1.2697159 0.8852768 1.646452
[120,] 1.8272207 2.2180094 2.2311028 1.4849387 2.871877
[121,] 0.8992953 1.0601412 1.0808728 0.7639501 1.436198
[122,] 0.9919953 1.1715550 1.1641152 0.7071914 1.532656
[123,] 1.1300433 1.0678750 1.0775216 0.9877021 1.614455
[124,] 0.9147966 0.8763544 0.9134072 0.7328077 1.231778
[125,] 0.7567523 1.1521098 1.1335079 0.5583141 1.400474
[126,] 1.1534401 1.1402897 1.1888886 1.0213942 1.745299
[127,] 1.0150115 0.9824908 1.0317075 0.8565851 1.442695
[128,] 0.9221946 1.1381154 1.1555561 0.7297476 1.550413
[129,] 1.0192057 1.1719141 1.1366706 0.8658380 1.576557
[130,] 0.9369617 1.0406496 1.1161939 0.6925118 1.439932
[131,] 0.9842810 0.9932838 0.9823114 0.8161093 1.396140
[132,] 0.9061856 0.9430765 0.9043414 0.8046143 1.308953
[133,] 0.9005504 1.2508051 1.3119423 0.6854572 1.618871
[134,] 2.0891597 1.8228559 1.7161698 1.7696015 2.656626
[135,] 1.0734841 1.1806190 1.1805673 0.8582590 1.595247
[136,] 1.0397517 0.9095322 0.8442762 0.9163741 1.318271
[137,] 0.9913262 1.0225314 1.0553141 0.8245854 1.495957
[138,] 1.0926351 1.1366113 1.1935826 0.8412683 1.611253
[139,] 1.7737001 1.7576668 1.7991784 1.6137798 2.600304
[140,] 1.0382427 1.1851554 1.1845409 0.8196201 1.585442
[141,] 0.8879710 0.7943143 0.7620442 0.8067859 1.139134
[142,] 0.9631961 1.1424760 1.1662638 0.7638163 1.587060
[143,] 1.0483531 1.1440967 1.1190737 0.9326818 1.558977
[144,] 0.8527893 1.2551365 1.2366179 0.6154322 1.487778
[145,] 1.4617769 1.5286734 1.6025371 1.2242496 2.104720
[146,] 1.0351559 1.3330990 1.3356769 0.8112749 1.799847
[147,] 1.0029708 0.9861803 1.0249588 0.8770676 1.436208
[148,] 1.0164500 1.0710225 1.0984621 0.9051214 1.489003
[149,] 1.7308723 1.4642776 1.4902452 1.5082968 2.274112
[150,] 0.8090387 0.8860224 0.9093074 0.7197307 1.291550
[151,] 0.9140645 1.2192731 1.2095996 0.7101071 1.571343
[152,] 1.6092283 1.5027358 1.4836825 1.4379466 2.228010
[153,] 0.9985094 1.3362461 1.2634861 0.8461602 1.700485
[154,] 0.9843713 1.1110328 1.0987296 0.8232404 1.476520
[155,] 0.9619674 1.1063993 1.1087156 0.7409333 1.480545
[156,] 0.7873723 0.9888344 1.0431447 0.6577751 1.296042
[157,] 0.9880969 1.1160151 1.0779294 0.7738546 1.435663
[158,] 1.4536982 1.3995976 1.5101102 1.3017113 2.188541
[159,] 0.9290440 1.1894201 1.1481610 0.7533231 1.529947
[160,] 1.0650780 1.0378653 1.0777297 0.9407712 1.475610
[161,] 1.1182549 1.2361680 1.2092118 0.8726933 1.646557
[162,] 0.9692018 1.1963079 1.2665291 0.7715790 1.570722
[163,] 0.8542167 1.1324608 1.1124719 0.7067462 1.437806
[164,] 0.9475132 1.1386235 1.1055338 0.7322968 1.476692
[165,] 1.7808590 1.5831125 1.6272994 1.4891318 2.326251
[166,] 1.3519696 1.1166695 1.1395908 1.2949322 1.775682
[167,] 1.1934856 1.4255029 1.4151329 0.9931790 1.860885
[168,] 0.9984557 1.0081602 1.0067050 0.8498211 1.473352
[169,] 0.8154497 1.0112718 0.9578071 0.7063223 1.267526
[170,] 0.9559820 1.0549018 1.0821460 0.8041343 1.561514
[171,] 1.0152928 1.0896775 1.1115122 0.7737880 1.469186
[172,] 1.0931541 1.0705798 1.0440492 0.9703064 1.583089
[173,] 1.2172917 1.4655829 1.3935296 1.0995234 1.995788
[174,] 3.4274714 3.0768286 2.9480285 3.2238733 4.701690
[175,] 1.0483659 1.1946998 1.1702178 0.9118282 1.620618
[176,] 1.0468610 0.9812370 1.0085144 0.8708811 1.398935
[177,] 0.8663369 1.1265741 1.0995613 0.6331802 1.458056
[178,] 0.8689660 0.8148944 0.7663110 0.7505095 1.182895
[179,] 1.1884705 0.9839708 0.9476705 1.0758753 1.514026
[180,] 0.9490490 1.0969696 1.1616843 0.7961314 1.557679
[181,] 0.9273034 1.1437324 1.1866324 0.7147178 1.480418
[182,] 1.1157871 1.2397015 1.2650668 0.9497957 1.762062
[183,] 1.0352487 1.0474639 0.9968067 0.8919415 1.530709
[184,] 0.9489163 0.9690443 0.9569843 0.8663689 1.418191
[185,] 1.0517520 1.1325865 1.1743826 0.8768899 1.560695
[186,] 1.1148711 1.2020601 1.2105837 0.8248174 1.666919
[187,] 1.0183802 1.2403533 1.1870723 0.8687944 1.578968
[188,] 2.4012837 1.8989706 2.0030047 2.1571329 3.005398
[189,] 1.0435247 0.9769025 0.9810657 0.8789537 1.396175
[190,] 0.9364828 1.1702511 1.2260450 0.7640006 1.591524
[191,] 0.8469573 1.2034066 1.1745192 0.6524456 1.487040
[192,] 1.2250028 1.2612396 1.2528393 1.1068460 1.845838
[193,] 1.0335472 1.1559591 1.2309650 0.7597501 1.649344
[194,] 1.6082458 1.5449947 1.4544131 1.2601987 2.169378
[195,] 1.5861190 1.5923571 1.5778456 1.4771187 2.350987
[196,] 0.8290902 1.0328790 1.0192954 0.6466364 1.351972
[197,] 0.9607814 1.1270178 1.1033150 0.7315687 1.484719
[198,] 1.0801118 1.1977338 1.1374804 0.9056932 1.590168
[199,] 1.0374316 1.2483170 1.2016125 0.8638259 1.589605
[200,] 2.0806864 1.8724000 1.8271514 1.8443044 2.683183
 [ reached getOption("max.print") -- omitted 300 rows ]

