$eta_opt
[1] 0.41909625 0.03203391 0.03115138 0.77239237 0.38650701

$eta_bias
[1]  0.5346835  0.6484581  0.6449577 -0.2201301 -0.1112824

$eta_sd
[1] 0.4754087 0.6952096 0.6934084 0.6683282 0.3427006

$M_est_mean
[1] 1.821596

$M_est_sd
[1] 0.8121603

$V_est_mean
[1] 0.3780883

$V_est_sd
[1] 0.2329165

$V_clin_mean
[1] 0.5726351

$V_clin_sd
[1] 0.1822208

$VY_est_mean
[1] 0.110483

$VY_est_sd
[1] 0.05448452

$VY_clin_mean
[1] 0.04889333

$VY_clin_sd
[1] 0.0365074

$VZ_est_mean
[1] 0.110877

$VZ_est_sd
[1] 0.1089887

$VZ_clin_mean
[1] 0.1745806

$VZ_clin_sd
[1] 0.05212325

$pcd_mean
[1] 0.799614

$pcd_sd
[1] 0.2032121

$PCD_vec
  [1] 0.6285 0.9910 0.9930 0.9960 0.9910 0.9920 0.9925 0.6155 0.9955 0.5485
 [11] 0.9925 0.5635 0.5995 0.9925 0.5590 0.6000 0.9910 0.9935 0.5905 0.6370
 [21] 0.5965 0.9940 0.6075 0.6065 0.9925 0.5740 0.9895 0.5535 0.9940 0.5710
 [31] 0.9895 0.9905 0.9945 0.5910 0.9945 0.6810 0.5850 0.9930 0.6370 0.9930
 [41] 0.5940 0.9915 0.9925 0.5975 0.5865 0.5975 0.9945 0.9930 0.9945 0.5485
 [51] 0.9920 0.6235 0.9950 0.9945 0.9960 0.5965 0.5560 0.9915 0.9935 0.9920
 [61] 0.6005 0.9950 0.5670 0.6235 0.9930 0.5635 0.9910 0.9880 0.9960 0.9850
 [71] 0.9935 0.6075 0.5910 0.9935 0.9945 0.5835 0.5840 0.5870 0.9950 0.5740
 [81] 0.9935 0.6055 0.5540 0.9940 0.5775 0.9935 0.5845 0.9920 0.9940 0.9925
 [91] 0.6115 0.5985 0.9925 0.5755 0.9940 0.5350 0.9950 0.6010 0.6270 0.5670
[101] 0.5760 0.5300 0.5965 0.9945 0.6160 0.5905 0.5510 0.6300 0.9945 0.9940
[111] 0.5785 0.5575 0.9885 0.9945 0.9920 0.9935 0.6000 0.9950 0.5840 0.6175
[121] 0.9925 0.5550 0.9905 0.5930 0.9950 0.9925 0.5935 0.6055 0.5805 0.6090
[131] 0.6645 0.9930 0.6355 0.9915 0.9925 0.6380 0.5985 0.5950 0.9925 0.9900
[141] 0.5600 0.9905 0.5795 0.9930 0.9940 0.9935 0.5940 0.5685 0.6345 0.5785
[151] 0.9935 0.9965 0.9955 0.9920 0.6230 0.9940 0.9945 0.9945 0.9940 0.9935
[161] 0.9945 0.6275 0.9935 0.5980 0.9920 0.9875 0.9835 0.9930 0.9920 0.9935
[171] 0.5710 0.5795 0.6045 0.9940 0.5770 0.9950 0.5705 0.5815 0.9965 0.5950
[181] 0.9915 0.9920 0.9945 0.9920 0.5600 0.5585 0.9945 0.5975 0.9935 0.9905
[191] 0.6215 0.9895 0.9935 0.9950 0.5895 0.9920 0.9900 0.9955 0.9910 0.6070
[201] 0.5815 0.5645 0.9930 0.9950 0.9945 0.5775 0.9920 0.9925 0.9910 0.9950
[211] 0.5690 0.5660 0.5985 0.9935 0.5500 0.9950 0.5860 0.5985 0.6205 0.5885
[221] 0.9945 0.9945 0.9925 0.9945 0.5810 0.9925 0.5730 0.5495 0.6430 0.6305
[231] 0.9945 0.9945 0.9945 0.9945 0.9945 0.6030 0.5775 0.6165 0.5690 0.6125
[241] 0.9895 0.9945 0.9930 0.5970 0.9950 0.5245 0.9925 0.9945 0.5695 0.5925
[251] 0.6030 0.9955 0.9955 0.5620 0.5710 0.5935 0.6110 0.9905 0.9940 0.5800
[261] 0.9920 0.9920 0.5720 0.5755 0.9910 0.5735 0.5670 0.5965 0.5685 0.5860
[271] 0.9925 0.9910 0.5330 0.6145 0.9935 0.6200 0.6025 0.9895 0.9890 0.9880
[281] 0.9920 0.5435 0.5450 0.9935 0.6365 0.9920 0.9920 0.6120 0.5905 0.5765
[291] 0.9910 0.9930 0.5695 0.5820 0.6480 0.9895 0.5740 0.9950 0.6075 0.9930
[301] 0.9920 0.9935 0.6625 0.5785 0.9955 0.9955 0.9950 0.9960 0.6215 0.9930
[311] 0.6080 0.9930 0.9910 0.9940 0.9940 0.9925 0.9915 0.5735 0.5775 0.9950
[321] 0.9910 0.9950 0.9925 0.5875 0.5865 0.5335 0.9935 0.9935 0.5405 0.9935
[331] 0.9950 0.5455 0.9935 0.5865 0.5595 0.5910 0.5860 0.5990 0.5450 0.9945
[341] 0.9955 0.5690 0.6180 0.9915 0.9965 0.6030 0.9900 0.9920 0.9945 0.9930
[351] 0.9930 0.5595 0.9950 0.9920 0.9950 0.9930 0.5940 0.9935 0.5890 0.6265
[361] 0.6060 0.5890 0.6110 0.5780 0.9935 0.6155 0.6105 0.9925 0.6175 0.5450
[371] 0.9925 0.5865 0.5870 0.9940 0.9830 0.9930 0.9945 0.9935 0.6165 0.9950
[381] 0.9930 0.6035 0.9940 0.9955 0.9970 0.6075 0.9935 0.6365 0.9935 0.9935
[391] 0.9920 0.9905 0.5830 0.9935 0.9935 0.9955 0.9925 0.9915 0.6355 0.6370
[401] 0.5900 0.6070 0.9935 0.9925 0.9935 0.9905 0.6305 0.9940 0.9940 0.9945
[411] 0.9940 0.5210 0.5580 0.5735 0.9925 0.9940 0.5930 0.5885 0.9940 0.9905
[421] 0.9920 0.9910 0.5800 0.9940 0.5520 0.9950 0.9935 0.5800 0.9900 0.9935
[431] 0.9890 0.5860 0.9925 0.5560 0.9960 0.5530 0.9945 0.5900 0.5865 0.5725
[441] 0.9930 0.9940 0.5490 0.9930 0.5855 0.9915 0.6040 0.5855 0.5480 0.9940
[451] 0.5960 0.5815 0.5895 0.5480 0.5650 0.5795 0.5785 0.9920 0.6095 0.9925
[461] 0.9940 0.9940 0.9930 0.9950 0.6070 0.9930 0.9945 0.5670 0.5450 0.9920
[471] 0.5730 0.5810 0.5580 0.6170 0.9950 0.6250 0.5965 0.9915 0.6010 0.6215
[481] 0.9940 0.5780 0.5795 0.9960 0.9935 0.9880 0.6025 0.6405 0.5660 0.9955
[491] 0.9910 0.5535 0.9940 0.5790 0.9965 0.5760 0.6265 0.9930 0.5510 0.5455

$M_est_vec
  [1] 1.000000 2.674746 2.402309 2.379867 2.779224 2.009753 2.052976 1.106710
  [9] 2.157395 1.000000 3.424736 1.000000 1.000000 2.577669 1.000000 1.000000
 [17] 3.106838 2.549530 2.689091 1.000000 1.079742 2.659294 1.000000 1.616808
 [25] 2.441424 1.257059 3.000594 1.000000 1.873619 1.112190 2.762917 2.699637
 [33] 2.264737 1.000000 2.307452 1.000000 1.800185 2.253201 1.000000 2.093597
 [41] 1.000000 2.140806 2.644221 1.000000 1.085531 1.005735 2.489343 2.466938
 [49] 1.770324 1.000000 2.212711 1.000000 2.336435 2.798067 2.196551 1.000000
 [57] 1.036057 3.275185 2.053225 2.711549 1.000000 2.332980 1.089835 1.000000
 [65] 2.201623 1.000000 2.563671 2.213085 2.320261 2.082695 2.203803 1.053343
 [73] 1.000000 2.603971 2.512702 1.000000 1.000000 1.000000 1.994836 1.000000
 [81] 2.677901 1.000000 1.409555 2.770749 1.093711 3.434889 1.200878 2.454646
 [89] 2.418002 2.031913 1.000000 1.472285 2.552119 1.000000 2.537921 1.363646
 [97] 2.135915 1.000000 1.000000 1.238260 1.667597 1.515633 1.000000 2.147596
[105] 1.000000 1.000000 1.000000 1.000000 1.868774 2.509450 1.000000 1.000000
[113] 2.561701 2.278030 2.435366 1.978970 1.000000 2.874930 1.136545 1.000000
[121] 2.500873 1.000000 2.904504 1.000000 2.208165 3.130125 1.000000 1.000000
[129] 1.025420 1.000000 1.000000 2.552961 1.000000 2.516437 2.210913 4.237880
[137] 1.000000 1.000000 2.168636 2.322240 1.000000 2.363912 1.256411 2.439141
[145] 2.264754 2.413226 1.000000 1.000000 9.798041 1.000000 2.130392 2.022042
[153] 3.373763 1.838887 1.000000 2.122420 2.120174 2.413142 1.897418 1.993313
[161] 1.853680 1.362679 2.283869 1.000000 2.371485 2.186087 2.206319 2.721489
[169] 2.441858 2.520557 1.000000 1.000000 1.000000 2.183908 1.210970 3.258761
[177] 1.334253 1.749725 1.929530 1.000000 2.657607 2.631960 2.603790 2.163928
[185] 2.737869 1.000000 1.880372 1.000000 2.074340 2.944916 1.000000 2.310669
[193] 1.905668 2.207494 1.068598 3.218321 2.644312 2.851731 2.887535 1.000000
[201] 1.185996 1.394586 2.654012 2.176640 2.493159 2.241562 3.343009 2.797613
[209] 2.637574 1.973494 1.000000 1.000000 1.000000 3.226014 1.018730 2.344808
[217] 1.000000 1.000000 1.000000 1.000000 2.433739 2.099849 2.308136 2.138207
[225] 1.000000 2.475913 1.000000 1.000000 1.000000 1.068570 2.766073 2.130488
[233] 2.172969 2.355181 1.882345 1.076974 1.661525 1.000000 1.642102 1.000000
[241] 2.180231 1.714792 2.577504 1.000000 2.186267 1.498392 2.127459 2.218674
[249] 1.213751 1.049578 1.000000 2.136632 2.298494 1.000000 1.000000 1.000000
[257] 1.000000 2.268467 2.145020 1.273662 3.003755 2.355245 1.754215 1.000000
[265] 2.340863 1.180998 1.000000 1.633555 1.096992 1.000000 2.618669 2.070643
[273] 1.062844 1.059524 2.164206 1.000000 1.158106 2.364999 3.768713 3.202109
[281] 3.130265 1.145421 1.397393 2.148211 1.000000 2.170149 2.099684 1.000000
[289] 1.000000 2.013638 2.258510 2.342963 1.000000 1.000000 1.000000 2.642903
[297] 1.000000 2.127127 1.000000 2.392528 3.020638 1.689405 1.198032 2.623018
[305] 2.149231 2.142483 2.566322 2.101480 1.000000 2.308051 1.000000 2.653580
[313] 2.270284 2.403644 2.143475 2.576394 2.383267 1.000000 1.000000 2.187425
[321] 3.051822 1.848785 2.510665 1.117955 1.824833 1.000000 2.592443 1.866080
[329] 1.000000 2.421261 1.971509 1.004384 2.055428 1.188709 1.392984 1.000000
[337] 1.165709 1.000000 1.028756 2.159371 2.524618 1.030781 1.000000 2.467142
[345] 1.934901 1.000000 2.253207 2.313433 2.702977 2.062069 2.534873 1.000000
[353] 2.589967 3.811106 2.533690 2.442840 1.000000 2.641836 1.000000 1.022384
[361] 1.000000 1.000000 1.000000 1.000000 2.608777 1.000000 1.312025 2.816497
[369] 1.000000 1.000000 2.363073 1.000000 1.000000 2.091504 2.187858 2.955392
[377] 2.839154 2.372489 1.000000 2.091944 2.530951 1.000000 2.378679 1.919747
[385] 2.178771 1.082742 2.935941 1.000000 2.184462 1.894102 2.581600 1.646291
[393] 1.000000 2.394157 2.465198 2.526621 2.557321 2.622417 1.246199 1.000000
[401] 1.000000 1.000000 1.995095 2.364794 2.448636 2.519675 1.000000 2.657503
[409] 2.358593 2.484652 2.579101 1.039880 1.000000 1.044878 2.304302 2.609404
[417] 1.000000 1.062968 2.256204 3.045960 3.113958 2.453473 1.000000 2.697990
[425] 1.000000 1.895001 2.513924 1.000000 2.345308 2.680354 2.040673 1.000000
[433] 2.173117 1.000000 2.258013 1.000000 2.418026 1.000000 1.124012 1.714722
[441] 2.923944 1.978127 1.000000 2.377388 1.000000 2.945161 1.000000 1.912910
[449] 1.000000 1.976246 1.000000 1.000000 1.000000 1.552542 1.126640 1.178975
[457] 1.000000 2.508827 1.000000 2.040432 2.109002 2.935804 2.402860 2.420752
[465] 1.286352 2.439473 2.710494 1.000000 1.114828 2.059673 2.168139 1.171228
[473] 1.073225 1.000000 2.234142 1.222724 1.595235 2.511356 1.000000 1.387403
[481] 2.364615 1.000000 1.174616 2.441172 2.394359 2.485615 1.000000 1.104745
[489] 1.000000 2.363213 2.443711 1.000000 2.121304 1.000000 2.202786 1.332563
[497] 1.000000 2.953346 1.000000 1.367042

