$eta_opt
[1] 1.3267254 0.7783034 0.7760767 1.2921337 1.4246175

$eta_bias
[1] 0.03453251 0.04190790 0.04286538 0.03176928 0.05876927

$eta_sd
[1] 0.13885877 0.08572210 0.08761136 0.13607093 0.15503971

$M_est_mean
[1] 0.1197627

$M_est_sd
[1] 0.0225229

$V_est_mean
[1] 0.7739321

$V_est_sd
[1] 0.05856154

$V_clin_mean
[1] 0.7702585

$V_clin_sd
[1] 0.05812801

$VY_est_mean
[1] 0.7459104

$VY_est_sd
[1] 0.05786387

$VY_clin_mean
[1] 0.7463226

$VY_clin_sd
[1] 0.05788829

$VZ_est_mean
[1] -0.2343288

$VZ_est_sd
[1] 0.03424377

$VZ_clin_mean
[1] -0.2393598

$VZ_clin_sd
[1] 0.03426086

$pcd_mean
[1] 0.992804

$pcd_sd
[1] 0.00239856

$PCD_vec
  [1] 0.9925 0.9920 0.9935 0.9880 0.9935 0.9850 0.9875 0.9915 0.9955 0.9940
 [11] 0.9935 0.9885 0.9945 0.9940 0.9915 0.9945 0.9935 0.9965 0.9955 0.9950
 [21] 0.9925 0.9920 0.9950 0.9930 0.9940 0.9945 0.9890 0.9955 0.9925 0.9920
 [31] 0.9965 0.9930 0.9915 0.9905 0.9950 0.9945 0.9960 0.9955 0.9940 0.9940
 [41] 0.9850 0.9900 0.9925 0.9920 0.9960 0.9860 0.9905 0.9910 0.9935 0.9935
 [51] 0.9935 0.9935 0.9910 0.9900 0.9950 0.9910 0.9935 0.9945 0.9930 0.9930
 [61] 0.9855 0.9950 0.9925 0.9925 0.9965 0.9920 0.9955 0.9950 0.9915 0.9910
 [71] 0.9945 0.9845 0.9950 0.9905 0.9945 0.9950 0.9935 0.9945 0.9915 0.9945
 [81] 0.9935 0.9950 0.9975 0.9955 0.9955 0.9915 0.9930 0.9920 0.9920 0.9955
 [91] 0.9940 0.9960 0.9920 0.9925 0.9905 0.9930 0.9945 0.9940 0.9930 0.9920
[101] 0.9935 0.9905 0.9920 0.9955 0.9945 0.9960 0.9940 0.9915 0.9970 0.9930
[111] 0.9930 0.9940 0.9945 0.9930 0.9970 0.9955 0.9950 0.9935 0.9910 0.9925
[121] 0.9895 0.9930 0.9920 0.9905 0.9935 0.9940 0.9945 0.9950 0.9935 0.9955
[131] 0.9955 0.9940 0.9945 0.9895 0.9925 0.9930 0.9960 0.9915 0.9920 0.9955
[141] 0.9935 0.9925 0.9920 0.9940 0.9930 0.9940 0.9925 0.9935 0.9955 0.9925
[151] 0.9940 0.9915 0.9930 0.9945 0.9925 0.9965 0.9895 0.9865 0.9950 0.9940
[161] 0.9955 0.9935 0.9915 0.9935 0.9925 0.9930 0.9955 0.9945 0.9915 0.9860
[171] 0.9945 0.9925 0.9945 0.9940 0.9930 0.9940 0.9860 0.9910 0.9930 0.9900
[181] 0.9920 0.9920 0.9940 0.9815 0.9930 0.9905 0.9915 0.9940 0.9945 0.9915
[191] 0.9960 0.9955 0.9880 0.9885 0.9945 0.9935 0.9930 0.9935 0.9945 0.9950
[201] 0.9950 0.9910 0.9940 0.9900 0.9925 0.9905 0.9920 0.9945 0.9880 0.9945
[211] 0.9945 0.9935 0.9920 0.9930 0.9940 0.9960 0.9930 0.9920 0.9935 0.9920
[221] 0.9940 0.9890 0.9915 0.9915 0.9945 0.9925 0.9930 0.9885 0.9915 0.9945
[231] 0.9915 0.9930 0.9925 0.9940 0.9905 0.9910 0.9910 0.9960 0.9930 0.9925
[241] 0.9935 0.9925 0.9960 0.9925 0.9955 0.9895 0.9920 0.9900 0.9900 0.9945
[251] 0.9910 0.9935 0.9900 0.9935 0.9895 0.9940 0.9930 0.9910 0.9945 0.9925
[261] 0.9930 0.9935 0.9895 0.9955 0.9930 0.9920 0.9930 0.9900 0.9935 0.9945
[271] 0.9840 0.9940 0.9945 0.9925 0.9880 0.9865 0.9910 0.9935 0.9920 0.9925
[281] 0.9875 0.9940 0.9960 0.9940 0.9950 0.9855 0.9895 0.9930 0.9920 0.9930
[291] 0.9945 0.9905 0.9890 0.9930 0.9930 0.9945 0.9960 0.9935 0.9930 0.9890
[301] 0.9895 0.9875 0.9955 0.9935 0.9910 0.9880 0.9920 0.9945 0.9930 0.9895
[311] 0.9915 0.9945 0.9920 0.9910 0.9960 0.9915 0.9915 0.9900 0.9910 0.9945
[321] 0.9940 0.9965 0.9940 0.9870 0.9940 0.9925 0.9930 0.9935 0.9950 0.9920
[331] 0.9935 0.9905 0.9870 0.9920 0.9955 0.9955 0.9940 0.9935 0.9925 0.9910
[341] 0.9950 0.9940 0.9925 0.9870 0.9950 0.9940 0.9945 0.9955 0.9915 0.9940
[351] 0.9890 0.9930 0.9940 0.9920 0.9940 0.9890 0.9950 0.9900 0.9925 0.9950
[361] 0.9945 0.9945 0.9945 0.9950 0.9950 0.9915 0.9935 0.9945 0.9880 0.9925
[371] 0.9940 0.9945 0.9935 0.9925 0.9890 0.9930 0.9935 0.9950 0.9955 0.9950
[381] 0.9890 0.9955 0.9945 0.9935 0.9905 0.9945 0.9880 0.9940 0.9920 0.9920
[391] 0.9940 0.9915 0.9905 0.9935 0.9920 0.9955 0.9925 0.9935 0.9925 0.9940
[401] 0.9950 0.9925 0.9935 0.9950 0.9930 0.9940 0.9970 0.9945 0.9940 0.9945
[411] 0.9930 0.9950 0.9940 0.9930 0.9930 0.9950 0.9960 0.9950 0.9935 0.9940
[421] 0.9955 0.9925 0.9960 0.9940 0.9945 0.9925 0.9925 0.9920 0.9960 0.9925
[431] 0.9935 0.9915 0.9890 0.9930 0.9955 0.9950 0.9865 0.9930 0.9955 0.9905
[441] 0.9930 0.9930 0.9955 0.9930 0.9940 0.9945 0.9935 0.9940 0.9945 0.9950
[451] 0.9940 0.9915 0.9930 0.9935 0.9910 0.9940 0.9945 0.9935 0.9910 0.9930
[461] 0.9915 0.9900 0.9885 0.9925 0.9905 0.9955 0.9950 0.9935 0.9930 0.9930
[471] 0.9960 0.9840 0.9950 0.9950 0.9925 0.9965 0.9930 0.9880 0.9945 0.9910
[481] 0.9855 0.9935 0.9950 0.9900 0.9880 0.9945 0.9930 0.9940 0.9940 0.9925
[491] 0.9935 0.9925 0.9915 0.9925 0.9940 0.9940 0.9940 0.9950 0.9905 0.9945

$M_est_vec
  [1] 0.13162139 0.10436626 0.11243104 0.13517982 0.12278327 0.11137202
  [7] 0.11347546 0.10262435 0.11483477 0.15017350 0.13468562 0.12718935
 [13] 0.06823993 0.10402671 0.13429732 0.12691834 0.13014855 0.11200357
 [19] 0.12183141 0.09597228 0.13201352 0.10718366 0.15181231 0.11690535
 [25] 0.13373171 0.10693407 0.11237268 0.12814787 0.11834179 0.14554617
 [31] 0.10344343 0.13690182 0.14050551 0.11080609 0.08423852 0.12311306
 [37] 0.13608023 0.10801653 0.11408193 0.14571660 0.07195474 0.13796360
 [43] 0.10061107 0.13206798 0.10215628 0.06214550 0.11160108 0.12648989
 [49] 0.12194291 0.12965099 0.09188341 0.08728140 0.14542128 0.09757417
 [55] 0.10239754 0.13206820 0.12942060 0.08781836 0.16263883 0.11050977
 [61] 0.11513513 0.13364318 0.08537622 0.11286686 0.13882107 0.13055162
 [67] 0.11759279 0.11209391 0.12541404 0.09525803 0.15233319 0.09116794
 [73] 0.12398218 0.08537206 0.15722968 0.11566401 0.14191024 0.17940299
 [79] 0.14638949 0.13162838 0.09625031 0.13418085 0.13382054 0.10614430
 [85] 0.15205352 0.14535091 0.10719767 0.12986880 0.08813966 0.13764658
 [91] 0.10368219 0.06243660 0.05865490 0.09888626 0.09684473 0.11695035
 [97] 0.12695005 0.08115360 0.14638421 0.11180204 0.13647050 0.12141540
[103] 0.15828627 0.12998624 0.14424408 0.11768370 0.14704463 0.13018989
[109] 0.16942930 0.11774320 0.12503446 0.14915699 0.15756678 0.11623935
[115] 0.14423500 0.11279095 0.11647081 0.11420160 0.09123754 0.11459160
[121] 0.11950169 0.11856426 0.14839208 0.14664657 0.13512396 0.13390447
[127] 0.14590359 0.11857697 0.12373873 0.14568539 0.13218689 0.11475454
[133] 0.15184992 0.09784702 0.09724680 0.11852498 0.12079640 0.13056344
[139] 0.11337963 0.12374098 0.13233970 0.09850738 0.16011324 0.08570199
[145] 0.10228028 0.12043636 0.12960017 0.12560996 0.17642624 0.12672269
[151] 0.13128522 0.05993610 0.14481933 0.12387011 0.10234539 0.13285423
[157] 0.10800043 0.09746084 0.16229418 0.10554842 0.14540895 0.16569516
[163] 0.09249289 0.11047762 0.08796711 0.14935425 0.10405173 0.10492288
[169] 0.07333923 0.11093836 0.13043862 0.12539260 0.09593231 0.14210971
[175] 0.08455754 0.16405365 0.10410154 0.12733956 0.08772193 0.08780634
[181] 0.13421415 0.15863327 0.14412457 0.10932608 0.09083547 0.15149837
[187] 0.09214240 0.16707056 0.14104523 0.12545748 0.11403317 0.12466572
[193] 0.12674937 0.09834802 0.11045598 0.18477568 0.11223821 0.11993287
[199] 0.10820887 0.13604497 0.12390763 0.10655081 0.10909073 0.12511920
[205] 0.12664020 0.10276525 0.12004148 0.13076686 0.10615277 0.15537239
[211] 0.12189764 0.10260932 0.11262783 0.13967893 0.12856490 0.13170054
[217] 0.08852177 0.09762007 0.12942513 0.11672042 0.10181226 0.10227791
[223] 0.06929816 0.08599002 0.11766588 0.09101315 0.12087783 0.11810919
[229] 0.13465789 0.11440205 0.09900798 0.10196795 0.11336383 0.13638473
[235] 0.10318870 0.12947278 0.13488193 0.11319030 0.11336391 0.10250272
[241] 0.10532770 0.11077176 0.12505893 0.10726746 0.12872939 0.10295528
[247] 0.12131259 0.07631416 0.11974741 0.10050471 0.09978457 0.12536138
[253] 0.12439105 0.14028354 0.09477586 0.15062610 0.10106642 0.12328579
[259] 0.16747599 0.11754642 0.12299744 0.13245347 0.09272479 0.16869629
[265] 0.13714519 0.14476304 0.10911996 0.07867203 0.12116428 0.17443112
[271] 0.09276942 0.10113274 0.11693225 0.12588659 0.10792343 0.10214577
[277] 0.12051963 0.12450157 0.13795409 0.10307282 0.09970038 0.09359518
[283] 0.15418453 0.11679709 0.12827597 0.07933111 0.11418404 0.16803144
[289] 0.14298690 0.11297745 0.12817907 0.10983071 0.07481528 0.11664072
[295] 0.09333222 0.12373330 0.16247611 0.10201710 0.13035051 0.07238038
[301] 0.14876252 0.10362012 0.17023581 0.14380784 0.10340259 0.09658537
[307] 0.12579143 0.09615024 0.10354010 0.10895976 0.13142973 0.14132409
[313] 0.13800293 0.13092852 0.16013843 0.11877078 0.09684680 0.16365505
[319] 0.11852131 0.13024733 0.10576088 0.17223892 0.13843022 0.10281297
[325] 0.10990007 0.13189349 0.07928290 0.14075960 0.10869424 0.12359116
[331] 0.09354818 0.12611667 0.08973378 0.12519261 0.12108537 0.12039237
[337] 0.10093504 0.11680595 0.13984583 0.08439181 0.13829257 0.13560676
[343] 0.08329683 0.09718390 0.16767459 0.10648228 0.14037882 0.08977142
[349] 0.10834727 0.13047355 0.10586259 0.10459444 0.11756367 0.12386509
[355] 0.11177440 0.13296019 0.17123147 0.11932488 0.10781413 0.13068820
[361] 0.12651515 0.13074027 0.09379383 0.09730299 0.15403690 0.12024183
[367] 0.14471548 0.15829359 0.08396139 0.10626390 0.13668823 0.09533281
[373] 0.11903112 0.13284703 0.12438398 0.12074880 0.13012916 0.12812478
[379] 0.12209435 0.13125451 0.10454517 0.11989209 0.13679203 0.12333144
[385] 0.10979942 0.14041091 0.07866938 0.14430708 0.11961570 0.15356443
[391] 0.11917387 0.11328775 0.11770337 0.12488932 0.13244503 0.11941760
[397] 0.10180057 0.12855555 0.10044833 0.14483225 0.12960502 0.08263216
[403] 0.12309741 0.14029298 0.08184322 0.12654107 0.12630158 0.13681661
[409] 0.12981813 0.13868812 0.09930068 0.09952555 0.10348181 0.10913534
[415] 0.11972372 0.16780298 0.10222500 0.12914323 0.09788713 0.10716397
[421] 0.11963453 0.10288358 0.13592022 0.11665277 0.12365809 0.08234400
[427] 0.11293784 0.09860347 0.16697469 0.09148946 0.12260256 0.11853938
[433] 0.11653859 0.12587976 0.08623098 0.15584373 0.06898461 0.11680029
[439] 0.12452418 0.10475528 0.12402005 0.10879278 0.10740820 0.10373805
[445] 0.10306221 0.14208115 0.12574217 0.18153349 0.13364511 0.11755180
[451] 0.14626566 0.12388727 0.13951785 0.10718537 0.11506674 0.14041407
[457] 0.11552388 0.12525075 0.10816948 0.07979316 0.07888162 0.09308510
[463] 0.10331656 0.12477167 0.12697589 0.12214428 0.15424865 0.14095252
[469] 0.15077952 0.15380636 0.12937117 0.04897433 0.12018784 0.15164683
[475] 0.10411484 0.11924572 0.06943921 0.08547287 0.11561151 0.12746423
[481] 0.12341428 0.16153878 0.12956481 0.09877293 0.10622490 0.11940963
[487] 0.11876949 0.10720155 0.10762736 0.12039450 0.09120525 0.09977154
[493] 0.13802449 0.10176505 0.13678043 0.11986415 0.14557811 0.14428208
[499] 0.11805361 0.14430473

$clin_v_all
            [,1]       [,2]
  [1,] 0.8970921 -0.2507744
  [2,] 0.6683717 -0.2502480
  [3,] 0.7958518 -0.2674076
  [4,] 0.7821538 -0.2491508
  [5,] 0.6976266 -0.2586391
  [6,] 0.6954697 -0.2064054
  [7,] 0.7543669 -0.2558716
  [8,] 0.8221607 -0.2437904
  [9,] 0.6918208 -0.2811654
 [10,] 0.7719253 -0.2452256
 [11,] 0.8266925 -0.1805500
 [12,] 0.7416224 -0.2692081
 [13,] 0.6996649 -0.2360103
 [14,] 0.7663323 -0.2650528
 [15,] 0.8058839 -0.2577738
 [16,] 0.7615721 -0.1652235
 [17,] 0.7066418 -0.2134979
 [18,] 0.6681707 -0.2759980
 [19,] 0.7822852 -0.2754264
 [20,] 0.7101765 -0.2159724
 [21,] 0.6609467 -0.2983884
 [22,] 0.8601716 -0.2799383
 [23,] 0.6603000 -0.2328579
 [24,] 0.7618505 -0.2669526
 [25,] 0.7626443 -0.3443264
 [26,] 0.6907355 -0.2342411
 [27,] 0.6798940 -0.1581385
 [28,] 0.8044784 -0.2265433
 [29,] 0.7895489 -0.2163873
 [30,] 0.8180554 -0.2440723
 [31,] 0.7288955 -0.2690276
 [32,] 0.6177512 -0.2131666
 [33,] 0.7319644 -0.2335862
 [34,] 0.6664299 -0.2360025
 [35,] 0.7509366 -0.2697869
 [36,] 0.8069506 -0.2500142
 [37,] 0.7111136 -0.2235915
 [38,] 0.7408515 -0.2881918
 [39,] 0.8214031 -0.2243160
 [40,] 0.6900784 -0.2492600
 [41,] 0.7746766 -0.1979405
 [42,] 0.7883280 -0.2346664
 [43,] 0.7727972 -0.2797589
 [44,] 0.7495399 -0.2898765
 [45,] 0.8504594 -0.2759966
 [46,] 0.7117278 -0.2483777
 [47,] 0.6792772 -0.2539331
 [48,] 0.8221575 -0.3225454
 [49,] 0.7067778 -0.2290050
 [50,] 0.7440862 -0.2387312
 [51,] 0.7694477 -0.2252469
 [52,] 0.7505739 -0.2160970
 [53,] 0.7000358 -0.2095722
 [54,] 0.8486201 -0.2947884
 [55,] 0.7398368 -0.2420427
 [56,] 0.7355637 -0.2578354
 [57,] 0.7547199 -0.2351732
 [58,] 0.7715423 -0.2543572
 [59,] 0.7004803 -0.2200096
 [60,] 0.7542160 -0.2463921
 [61,] 0.7610435 -0.2034037
 [62,] 0.8052767 -0.2641050
 [63,] 0.7530826 -0.3457606
 [64,] 0.7105558 -0.2495838
 [65,] 0.7531767 -0.2045545
 [66,] 0.7278940 -0.2489476
 [67,] 0.7145902 -0.2758841
 [68,] 0.6989716 -0.2817432
 [69,] 0.6543588 -0.2449238
 [70,] 0.7582527 -0.2301078
 [71,] 0.7950736 -0.2200367
 [72,] 0.7156610 -0.1572486
 [73,] 0.6763512 -0.3212111
 [74,] 0.7088854 -0.2599828
 [75,] 0.6722364 -0.2860113
 [76,] 0.7819877 -0.2358123
 [77,] 0.7191107 -0.2133791
 [78,] 0.8002487 -0.2706106
 [79,] 0.7123100 -0.2839341
 [80,] 0.7928578 -0.2591609
 [81,] 0.6945849 -0.2449690
 [82,] 0.7629479 -0.2265099
 [83,] 0.6909786 -0.2451742
 [84,] 0.7779584 -0.2084305
 [85,] 0.7533205 -0.2353923
 [86,] 0.6387584 -0.2177150
 [87,] 0.6225942 -0.1200062
 [88,] 0.6767973 -0.2213045
 [89,] 0.7915311 -0.2490851
 [90,] 0.6869466 -0.2294721
 [91,] 0.6801672 -0.2850614
 [92,] 0.7846378 -0.2615576
 [93,] 0.7066887 -0.2966450
 [94,] 0.7968769 -0.2563346
 [95,] 0.7665561 -0.1975973
 [96,] 0.7784732 -0.2809256
 [97,] 0.7298051 -0.2598482
 [98,] 0.5465413 -0.2496167
 [99,] 0.6842549 -0.2602119
[100,] 0.7589343 -0.2079496
[101,] 0.6613478 -0.2510716
[102,] 0.8244856 -0.1976847
[103,] 0.7368015 -0.2412224
[104,] 0.7117542 -0.2714995
[105,] 0.7550945 -0.2131662
[106,] 0.6941993 -0.2419145
[107,] 0.7186734 -0.2112850
[108,] 0.7465636 -0.2557575
[109,] 0.7414329 -0.2085634
[110,] 0.7604833 -0.2434921
[111,] 0.7218036 -0.3178300
[112,] 0.6781882 -0.2798485
[113,] 0.8220860 -0.2418648
[114,] 0.7847164 -0.1654352
[115,] 0.7915554 -0.2351342
[116,] 0.7146485 -0.2199199
[117,] 0.6944100 -0.2589796
[118,] 0.6812589 -0.1922229
[119,] 0.6839247 -0.2588429
[120,] 0.7710694 -0.2481101
[121,] 0.8013945 -0.1895476
[122,] 0.5845270 -0.2413528
[123,] 0.7397802 -0.2052490
[124,] 0.7808027 -0.2883542
[125,] 0.8406815 -0.2286672
[126,] 0.7879430 -0.2203894
[127,] 0.7256902 -0.1920070
[128,] 0.7623076 -0.2116172
[129,] 0.8180542 -0.2740429
[130,] 0.7066301 -0.2348421
[131,] 0.7248962 -0.2629263
[132,] 0.7728791 -0.2526873
[133,] 0.8621460 -0.2390984
[134,] 0.7928398 -0.2305641
[135,] 0.7682602 -0.2238248
[136,] 0.7762064 -0.2390298
[137,] 0.8190006 -0.2551045
[138,] 0.6490067 -0.1582027
[139,] 0.7187777 -0.2392246
[140,] 0.7054107 -0.1955312
[141,] 0.7964978 -0.2437314
[142,] 0.7249749 -0.2168891
[143,] 0.6958800 -0.2621110
[144,] 0.7202878 -0.2609927
[145,] 0.7400190 -0.2630055
[146,] 0.6432952 -0.2213598
[147,] 0.7740236 -0.2825580
[148,] 0.6832045 -0.2652345
[149,] 0.7467581 -0.2699086
[150,] 0.6438624 -0.2409439
[151,] 0.7879292 -0.2518096
[152,] 0.7743235 -0.2292470
[153,] 0.7391034 -0.2825482
[154,] 0.7797483 -0.2536795
[155,] 0.7044115 -0.2146016
[156,] 0.7593978 -0.2459999
[157,] 0.8597134 -0.1940051
[158,] 0.7466663 -0.2500031
[159,] 0.7355208 -0.2793421
[160,] 0.7828488 -0.1951336
[161,] 0.7602558 -0.2082938
[162,] 0.7420858 -0.2500509
[163,] 0.7311130 -0.2885854
[164,] 0.7242262 -0.2511508
[165,] 0.7758483 -0.2312395
[166,] 0.7778704 -0.2333171
[167,] 0.7248253 -0.2305551
[168,] 0.7095526 -0.1862077
[169,] 0.7505555 -0.2838884
[170,] 0.7124454 -0.2523728
[171,] 0.6898937 -0.2015512
[172,] 0.8457249 -0.2885546
[173,] 0.8539137 -0.2570231
[174,] 0.6599639 -0.2342270
[175,] 0.8293018 -0.2369535
[176,] 0.7503510 -0.2562794
[177,] 0.7989249 -0.1888362
[178,] 0.7361690 -0.2802958
[179,] 0.7313363 -0.2194558
[180,] 0.7922795 -0.2569743
[181,] 0.7616106 -0.2379543
[182,] 0.8161051 -0.2349034
[183,] 0.8089117 -0.2278846
[184,] 0.7147258 -0.2376164
[185,] 0.7666388 -0.1898276
[186,] 0.7566676 -0.2450899
[187,] 0.8108783 -0.2187427
[188,] 0.7664072 -0.2710923
[189,] 0.6785556 -0.1674077
[190,] 0.8826207 -0.2365236
[191,] 0.7796857 -0.1988278
[192,] 0.7434102 -0.2238814
[193,] 0.7807757 -0.2574634
[194,] 0.8255888 -0.1868377
[195,] 0.7349311 -0.2200415
[196,] 0.8326319 -0.2204647
[197,] 0.6535280 -0.1963232
[198,] 0.7186090 -0.2208375
[199,] 0.7503627 -0.2478197
[200,] 0.7555776 -0.2435341
[201,] 0.7629237 -0.2040758
[202,] 0.8504580 -0.2529008
[203,] 0.7549996 -0.1968021
[204,] 0.7139332 -0.2715753
[205,] 0.6827500 -0.1784671
[206,] 0.7783157 -0.2379502
[207,] 0.8059637 -0.2568939
[208,] 0.7320169 -0.2711253
[209,] 0.6827740 -0.2088568
[210,] 0.7273549 -0.2273278
[211,] 0.6806168 -0.2945942
[212,] 0.7135365 -0.2408475
[213,] 0.7324917 -0.2112296
[214,] 0.6981171 -0.2909158
[215,] 0.7822463 -0.2038975
[216,] 0.8312976 -0.2442733
[217,] 0.7464701 -0.2624378
[218,] 0.6897314 -0.1985946
[219,] 0.7657094 -0.2252383
[220,] 0.8168970 -0.2164646
[221,] 0.6852369 -0.2316755
[222,] 0.6729670 -0.2681452
[223,] 0.6992764 -0.2454782
[224,] 0.6494411 -0.2567017
[225,] 0.7352390 -0.2816565
[226,] 0.7182870 -0.2335150
[227,] 0.7942353 -0.2445578
[228,] 0.7360637 -0.2227174
[229,] 0.7550687 -0.2392739
[230,] 0.8522066 -0.2685595
[231,] 0.6692104 -0.2169313
[232,] 0.7190545 -0.2796055
[233,] 0.7529661 -0.3298764
[234,] 0.6735194 -0.2495897
[235,] 0.6867168 -0.2387466
[236,] 0.6793782 -0.2233392
[237,] 0.7702872 -0.2051376
[238,] 0.7768481 -0.2472650
[239,] 0.8614252 -0.1849050
[240,] 0.8304324 -0.3059673
[241,] 0.6525171 -0.1832088
[242,] 0.7125983 -0.2637851
[243,] 0.7569326 -0.2259315
[244,] 0.7479182 -0.2109470
[245,] 0.7016479 -0.2600148
[246,] 0.6636647 -0.1579490
[247,] 0.7388749 -0.2718995
[248,] 0.8682632 -0.2239414
[249,] 0.7377298 -0.2305324
[250,] 0.6528438 -0.2267105
[251,] 0.6605306 -0.3123662
[252,] 0.7953175 -0.2438959
[253,] 0.7993168 -0.2427776
[254,] 0.8091445 -0.2084403
[255,] 0.7725087 -0.1916278
[256,] 0.7110834 -0.2854267
[257,] 0.7159388 -0.2199959
[258,] 0.7461766 -0.3016387
[259,] 0.7259312 -0.2276950
[260,] 0.8595955 -0.2294420
[261,] 0.6993687 -0.2237210
[262,] 0.7052135 -0.2279569
[263,] 0.7628723 -0.2874920
[264,] 0.7056822 -0.2300526
[265,] 0.7546190 -0.2485368
[266,] 0.8080245 -0.2317324
[267,] 0.6581604 -0.2171291
[268,] 0.7315056 -0.2631647
[269,] 0.6897473 -0.2410149
[270,] 0.8219115 -0.1595934
[271,] 0.7179542 -0.2233020
[272,] 0.7423387 -0.2224946
[273,] 0.7722660 -0.2262250
[274,] 0.8261360 -0.2026303
[275,] 0.6674480 -0.2157529
[276,] 0.8154080 -0.2211951
[277,] 0.7599722 -0.2143300
[278,] 0.8320570 -0.1925225
[279,] 0.7435684 -0.3092911
[280,] 0.7910691 -0.2907551
[281,] 0.6956490 -0.2624480
[282,] 0.8258775 -0.2189790
[283,] 0.7819861 -0.2424326
[284,] 0.7441005 -0.2113656
[285,] 0.8293558 -0.2788839
[286,] 0.7631833 -0.2577270
[287,] 0.7023425 -0.2206833
[288,] 0.7807718 -0.2588292
[289,] 0.7938147 -0.2783600
[290,] 0.7870933 -0.1834742
[291,] 0.7935510 -0.2190210
[292,] 0.6620392 -0.1827031
[293,] 0.7230695 -0.2889021
[294,] 0.7199474 -0.2583015
[295,] 0.8508716 -0.2681442
[296,] 0.8104547 -0.2019457
[297,] 0.7275963 -0.1890088
[298,] 0.7918945 -0.2540840
[299,] 0.6637201 -0.2072766
[300,] 0.7680146 -0.2594980
[301,] 0.7948703 -0.1916592
[302,] 0.6403260 -0.2667826
[303,] 0.7039746 -0.2179058
[304,] 0.7658631 -0.1949793
[305,] 0.8008287 -0.2684630
[306,] 0.7671820 -0.2128559
[307,] 0.7132510 -0.1674594
[308,] 0.7947702 -0.2557842
[309,] 0.8855926 -0.2069788
[310,] 0.7021297 -0.2630183
[311,] 0.7094971 -0.1626910
[312,] 0.7088104 -0.2847463
[313,] 0.7483226 -0.2588561
[314,] 0.7761483 -0.2132066
[315,] 0.6847650 -0.1886891
[316,] 0.6928337 -0.2293819
[317,] 0.7666107 -0.3085360
[318,] 0.7417104 -0.2555059
[319,] 0.8069490 -0.2232505
[320,] 0.8658974 -0.2252664
[321,] 0.7173309 -0.2673407
[322,] 0.7514389 -0.2618248
[323,] 0.7770089 -0.2159299
[324,] 0.7416744 -0.2595527
[325,] 0.7558989 -0.2649249
[326,] 0.7935883 -0.2164629
[327,] 0.7452368 -0.2566530
[328,] 0.6899472 -0.2202595
[329,] 0.7558849 -0.2547671
[330,] 0.7967986 -0.3080999
[331,] 0.7134371 -0.2069780
[332,] 0.7431140 -0.2917008
[333,] 0.8097341 -0.2645729
[334,] 0.7597374 -0.2587134
[335,] 0.7475846 -0.2188625
[336,] 0.8172058 -0.2350572
[337,] 0.6728215 -0.2664967
[338,] 0.7804167 -0.2117596
[339,] 0.7647747 -0.2286173
[340,] 0.7714514 -0.2556259
[341,] 0.6839207 -0.2534253
[342,] 0.8562884 -0.2627438
[343,] 0.7314620 -0.2309622
[344,] 0.7184031 -0.1964826
[345,] 0.7666946 -0.2317334
[346,] 0.8424358 -0.2747069
[347,] 0.6959382 -0.1789305
[348,] 0.7597374 -0.2076996
[349,] 0.8451129 -0.2247132
[350,] 0.6846759 -0.2298834
[351,] 0.7001803 -0.1968557
[352,] 0.7206457 -0.2113341
[353,] 0.7868965 -0.2610682
[354,] 0.7013418 -0.2465524
[355,] 0.7759273 -0.2598511
[356,] 0.7255110 -0.2470893
[357,] 0.6643445 -0.1941070
[358,] 0.7753848 -0.1881325
[359,] 0.7586353 -0.2808832
[360,] 0.8234551 -0.1885446
[361,] 0.6701097 -0.2221158
[362,] 0.7583573 -0.2754127
[363,] 0.7343868 -0.2444807
[364,] 0.8583807 -0.2356967
[365,] 0.8415970 -0.1747280
[366,] 0.7847399 -0.2754981
[367,] 0.6949931 -0.2290340
[368,] 0.7973738 -0.2357014
[369,] 0.7213902 -0.2201398
[370,] 0.5850534 -0.2242837
[371,] 0.8487593 -0.2880425
[372,] 0.7023120 -0.2489007
[373,] 0.7448355 -0.2585963
[374,] 0.6732282 -0.2754571
[375,] 0.7168208 -0.1920237
[376,] 0.7773089 -0.1967870
[377,] 0.7839274 -0.2863146
[378,] 0.7439022 -0.1738319
[379,] 0.7741964 -0.2438283
[380,] 0.7523687 -0.2003829
[381,] 0.7063347 -0.1824514
[382,] 0.7721945 -0.1906414
[383,] 0.7399335 -0.2075751
[384,] 0.8332497 -0.2019276
[385,] 0.6332783 -0.2204473
[386,] 0.8425114 -0.2734523
[387,] 0.7048275 -0.2308851
[388,] 0.8041929 -0.1936163
[389,] 0.7641073 -0.1715352
[390,] 0.6978181 -0.2086297
[391,] 0.5528540 -0.2541788
[392,] 0.7711284 -0.2503595
[393,] 0.7283376 -0.2129198
[394,] 0.7665368 -0.2222306
[395,] 0.7806500 -0.2230758
[396,] 0.7578715 -0.2465649
[397,] 0.7550877 -0.2571634
[398,] 0.8654164 -0.2293676
[399,] 0.7016248 -0.2162179
[400,] 0.7342820 -0.2436590
[401,] 0.7285844 -0.1898464
[402,] 0.6855099 -0.2064861
[403,] 0.7289151 -0.2434637
[404,] 0.7872181 -0.2569112
[405,] 0.7315600 -0.2136815
[406,] 0.7321592 -0.2383071
[407,] 0.7174802 -0.2327765
[408,] 0.7335789 -0.2711559
[409,] 0.7457553 -0.2055397
[410,] 0.6051511 -0.2119730
[411,] 0.7463845 -0.2612328
[412,] 0.7410557 -0.2069830
[413,] 0.6615192 -0.2791421
[414,] 0.7278974 -0.2092791
[415,] 0.7430944 -0.2637222
[416,] 0.7356130 -0.2525618
[417,] 0.7529825 -0.2565993
[418,] 0.7797812 -0.2490387
[419,] 0.7503526 -0.1980855
[420,] 0.7200950 -0.2499593
[421,] 0.6327865 -0.3116752
[422,] 0.7800250 -0.2566792
[423,] 0.7079621 -0.1752823
[424,] 0.7381600 -0.2823972
[425,] 0.7806349 -0.2700528
[426,] 0.8651035 -0.2239255
[427,] 0.6776293 -0.2398487
[428,] 0.8036159 -0.2981147
[429,] 0.7493621 -0.2181882
[430,] 0.7784393 -0.2433277
[431,] 0.7989441 -0.2445757
[432,] 0.7167564 -0.2246299
[433,] 0.7987606 -0.3147994
[434,] 0.7498175 -0.1986246
[435,] 0.7151667 -0.2353728
[436,] 0.7954688 -0.2011152
[437,] 0.6800030 -0.2160035
[438,] 0.8204469 -0.2046668
[439,] 0.7144211 -0.2325451
[440,] 0.7507666 -0.3037602
[441,] 0.7106745 -0.2374555
[442,] 0.8092429 -0.2982529
[443,] 0.6831672 -0.2920766
[444,] 0.7475998 -0.2668273
[445,] 0.6834376 -0.2136796
[446,] 0.8543239 -0.2111762
[447,] 0.7771681 -0.2123811
[448,] 0.6642366 -0.2149955
[449,] 0.7677282 -0.2383768
[450,] 0.7673396 -0.2749222
[451,] 0.6582651 -0.2467603
[452,] 0.8227138 -0.2822966
[453,] 0.7994201 -0.2557470
[454,] 0.8464901 -0.2240290
[455,] 0.7275968 -0.3164481
[456,] 0.7503396 -0.2282412
[457,] 0.7521762 -0.1907231
[458,] 0.7004530 -0.1299132
[459,] 0.7684081 -0.2159689
[460,] 0.7775748 -0.2312404
[461,] 0.7524964 -0.1727019
[462,] 0.7363309 -0.2220648
[463,] 0.6340099 -0.2716359
[464,] 0.6014753 -0.2000186
[465,] 0.7455804 -0.2757647
[466,] 0.8743858 -0.2201122
[467,] 0.8165810 -0.2772136
[468,] 0.7672825 -0.2657209
[469,] 0.7230598 -0.2663885
[470,] 0.7734273 -0.3069883
[471,] 0.7717240 -0.2175549
[472,] 0.6509475 -0.2167622
[473,] 0.6214187 -0.2951923
[474,] 0.7504328 -0.2683709
[475,] 0.6820652 -0.2339549
[476,] 0.6313010 -0.2514556
[477,] 0.6765297 -0.2539656
[478,] 0.7551525 -0.2274213
[479,] 0.6706324 -0.2523440
[480,] 0.6697105 -0.2914890
[481,] 0.7140273 -0.2755371
[482,] 0.8128051 -0.1887170
[483,] 0.6833099 -0.2893039
[484,] 0.6941538 -0.2548516
[485,] 0.7796357 -0.2350114
[486,] 0.7904674 -0.2809344
[487,] 0.8164070 -0.2323534
[488,] 0.8368322 -0.2358741
[489,] 0.8546300 -0.2763991
[490,] 0.7269233 -0.2249658
[491,] 0.7490551 -0.2749800
[492,] 0.9016065 -0.2927786
[493,] 0.8058782 -0.2349300
[494,] 0.7379020 -0.2245475
[495,] 0.6220689 -0.2854850
[496,] 0.6687362 -0.2371187
[497,] 0.7229074 -0.2783837
[498,] 0.8117263 -0.2824328
[499,] 0.7701428 -0.2376229
[500,] 0.8237824 -0.2524940

