$eta_opt
[1] 1.991489 1.771408 1.774410 1.771882 2.658484

$eta_bias
[1] -0.5236342 -0.4455524 -0.4521667 -0.4755655 -0.6826228

$eta_sd
[1] 0.6366623 0.5717106 0.5622129 0.5534451 0.8567347

$M_est_mean
[1] 0.52157

$M_est_sd
[1] 0.0310007

$V_est_mean
[1] 0.8046254

$V_est_sd
[1] 0.06164117

$V_clin_mean
[1] 0.8037482

$V_clin_sd
[1] 0.06144313

$VY_est_mean
[1] 0.7229451

$VY_est_sd
[1] 0.05804075

$VY_clin_mean
[1] 0.7241235

$VY_clin_sd
[1] 0.05808248

$VZ_est_mean
[1] -0.1566649

$VZ_est_sd
[1] 0.03381396

$VZ_clin_mean
[1] -0.1592493

$VZ_clin_sd
[1] 0.03380348

$pcd_mean
[1] 0.994004

$pcd_sd
[1] 0.002267436

$PCD_vec
  [1] 0.9980 0.9940 0.9960 0.9925 0.9900 0.9930 0.9910 0.9935 0.9960 0.9945
 [11] 0.9960 0.9945 0.9940 0.9945 0.9950 0.9970 0.9900 0.9980 0.9945 0.9905
 [21] 0.9885 0.9945 0.9895 0.9935 0.9900 0.9940 0.9915 0.9960 0.9895 0.9955
 [31] 0.9945 0.9915 0.9965 0.9940 0.9945 0.9940 0.9960 0.9955 0.9960 0.9930
 [41] 0.9925 0.9945 0.9925 0.9940 0.9960 0.9935 0.9950 0.9970 0.9960 0.9945
 [51] 0.9970 0.9970 0.9965 0.9935 0.9930 0.9945 0.9945 0.9965 0.9900 0.9930
 [61] 0.9875 0.9925 0.9940 0.9960 0.9965 0.9915 0.9925 0.9950 0.9945 0.9915
 [71] 0.9950 0.9865 0.9935 0.9970 0.9945 0.9945 0.9915 0.9950 0.9925 0.9955
 [81] 0.9960 0.9900 0.9950 0.9945 0.9940 0.9925 0.9945 0.9910 0.9870 0.9950
 [91] 0.9965 0.9895 0.9950 0.9915 0.9910 0.9960 0.9940 0.9955 0.9955 0.9955
[101] 0.9960 0.9900 0.9960 0.9995 0.9965 0.9900 0.9945 0.9930 0.9975 0.9925
[111] 0.9955 0.9940 0.9960 0.9900 0.9930 0.9950 0.9955 0.9975 0.9970 0.9870
[121] 0.9945 0.9880 0.9955 0.9955 0.9970 0.9930 0.9950 0.9915 0.9930 0.9955
[131] 0.9960 0.9945 0.9960 0.9910 0.9885 0.9935 0.9940 0.9940 0.9960 0.9945
[141] 0.9945 0.9935 0.9925 0.9965 0.9955 0.9965 0.9955 0.9945 0.9945 0.9955
[151] 0.9935 0.9955 0.9930 0.9975 0.9885 0.9955 0.9950 0.9895 0.9960 0.9935
[161] 0.9955 0.9895 0.9925 0.9965 0.9950 0.9965 0.9915 0.9955 0.9910 0.9910
[171] 0.9925 0.9900 0.9955 0.9975 0.9935 0.9935 0.9885 0.9940 0.9955 0.9925
[181] 0.9950 0.9950 0.9945 0.9955 0.9970 0.9945 0.9915 0.9955 0.9955 0.9930
[191] 0.9920 0.9910 0.9905 0.9950 0.9965 0.9945 0.9930 0.9945 0.9945 0.9955
[201] 0.9910 0.9965 0.9945 0.9965 0.9925 0.9925 0.9925 0.9955 0.9930 0.9960
[211] 0.9940 0.9960 0.9935 0.9960 0.9880 0.9920 0.9940 0.9965 0.9925 0.9965
[221] 0.9915 0.9960 0.9970 0.9960 0.9950 0.9935 0.9955 0.9935 0.9950 0.9960
[231] 0.9935 0.9970 0.9925 0.9955 0.9915 0.9950 0.9945 0.9960 0.9955 0.9930
[241] 0.9935 0.9940 0.9970 0.9910 0.9955 0.9885 0.9910 0.9955 0.9915 0.9945
[251] 0.9935 0.9955 0.9860 0.9925 0.9900 0.9930 0.9955 0.9925 0.9960 0.9920
[261] 0.9935 0.9950 0.9920 0.9935 0.9945 0.9975 0.9920 0.9905 0.9940 0.9960
[271] 0.9925 0.9920 0.9895 0.9955 0.9915 0.9950 0.9955 0.9945 0.9945 0.9965
[281] 0.9925 0.9945 0.9945 0.9940 0.9970 0.9900 0.9970 0.9950 0.9940 0.9960
[291] 0.9965 0.9970 0.9940 0.9905 0.9965 0.9960 0.9975 0.9955 0.9960 0.9925
[301] 0.9955 0.9960 0.9965 0.9945 0.9950 0.9915 0.9945 0.9910 0.9955 0.9930
[311] 0.9925 0.9945 0.9950 0.9960 0.9955 0.9950 0.9960 0.9975 0.9895 0.9955
[321] 0.9925 0.9940 0.9950 0.9930 0.9920 0.9920 0.9965 0.9960 0.9915 0.9960
[331] 0.9920 0.9920 0.9935 0.9915 0.9970 0.9935 0.9960 0.9940 0.9975 0.9890
[341] 0.9960 0.9950 0.9950 0.9890 0.9935 0.9900 0.9910 0.9960 0.9955 0.9940
[351] 0.9945 0.9965 0.9935 0.9950 0.9965 0.9935 0.9930 0.9950 0.9940 0.9945
[361] 0.9950 0.9965 0.9950 0.9940 0.9960 0.9930 0.9920 0.9960 0.9910 0.9950
[371] 0.9940 0.9950 0.9940 0.9910 0.9950 0.9950 0.9935 0.9960 0.9930 0.9940
[381] 0.9875 0.9905 0.9955 0.9960 0.9945 0.9965 0.9965 0.9940 0.9970 0.9970
[391] 0.9920 0.9955 0.9940 0.9930 0.9930 0.9945 0.9960 0.9965 0.9925 0.9960
[401] 0.9935 0.9955 0.9925 0.9950 0.9925 0.9955 0.9935 0.9960 0.9955 0.9955
[411] 0.9930 0.9945 0.9945 0.9920 0.9955 0.9930 0.9970 0.9955 0.9910 0.9935
[421] 0.9965 0.9915 0.9955 0.9935 0.9955 0.9975 0.9935 0.9955 0.9915 0.9955
[431] 0.9955 0.9945 0.9920 0.9965 0.9945 0.9935 0.9885 0.9910 0.9955 0.9935
[441] 0.9925 0.9955 0.9905 0.9970 0.9960 0.9965 0.9950 0.9965 0.9955 0.9925
[451] 0.9955 0.9950 0.9965 0.9945 0.9930 0.9960 0.9945 0.9955 0.9960 0.9945
[461] 0.9955 0.9945 0.9865 0.9930 0.9955 0.9945 0.9965 0.9930 0.9935 0.9940
[471] 0.9945 0.9895 0.9940 0.9930 0.9910 0.9945 0.9935 0.9915 0.9945 0.9960
[481] 0.9895 0.9940 0.9905 0.9895 0.9885 0.9950 0.9950 0.9945 0.9915 0.9945
[491] 0.9930 0.9930 0.9965 0.9935 0.9960 0.9960 0.9960 0.9955 0.9925 0.9960

$M_est_vec
  [1] 0.5391827 0.5154033 0.5165608 0.5707468 0.5233033 0.5407591 0.5308038
  [8] 0.5362110 0.5120213 0.5589480 0.5526317 0.5313293 0.4708530 0.4759643
 [15] 0.5037772 0.5236352 0.5622122 0.5376521 0.4840861 0.4628285 0.5187789
 [22] 0.4744165 0.5224801 0.4799940 0.5180136 0.5096926 0.5249114 0.5309989
 [29] 0.4921321 0.5857007 0.4947159 0.5390229 0.5461155 0.4686774 0.4656952
 [36] 0.5528494 0.5908666 0.5306197 0.5154995 0.5394317 0.4726174 0.5534748
 [43] 0.4635163 0.4918327 0.5110927 0.5127126 0.5032170 0.5350345 0.4970754
 [50] 0.5449721 0.4708079 0.4925523 0.5471424 0.4998338 0.5145571 0.5353903
 [57] 0.5014904 0.4783310 0.5552584 0.5244217 0.4936392 0.5183039 0.5092301
 [64] 0.5296961 0.5022360 0.5583383 0.5503315 0.4927772 0.5164058 0.5229085
 [71] 0.5437236 0.5064216 0.5359267 0.4832158 0.5359078 0.5192259 0.4704112
 [78] 0.5443440 0.5237968 0.5473891 0.5291096 0.5133123 0.5398069 0.4882323
 [85] 0.5756871 0.5308899 0.5319984 0.5214721 0.4979169 0.5122307 0.4958830
 [92] 0.4352524 0.5089431 0.4891059 0.5132159 0.5047303 0.5754958 0.5146560
 [99] 0.5285975 0.5437764 0.5743248 0.4782239 0.5717911 0.5125171 0.5499857
[106] 0.4871747 0.5557148 0.5344032 0.5603309 0.5519885 0.5665931 0.5911320
[113] 0.5483003 0.4891118 0.5153711 0.5013532 0.5153286 0.5207183 0.5281539
[120] 0.5180116 0.5648583 0.5080672 0.5230446 0.5474476 0.5158528 0.5651325
[127] 0.4737498 0.5186872 0.5302095 0.5626486 0.5394734 0.5539556 0.5479944
[134] 0.5140726 0.4832504 0.5323210 0.5083541 0.5352741 0.5142640 0.5330820
[141] 0.5472295 0.4477284 0.5325570 0.5359738 0.5260458 0.5489916 0.5399299
[148] 0.5127170 0.5360066 0.5189252 0.5484486 0.4410856 0.4840861 0.5332095
[155] 0.4927949 0.5305982 0.5035703 0.4725697 0.5389838 0.4799498 0.5669762
[162] 0.5083416 0.5099226 0.5441836 0.4931485 0.5716532 0.4840947 0.5339638
[169] 0.4759209 0.4982499 0.5259703 0.5611482 0.5414387 0.5435762 0.4999281
[176] 0.5145344 0.5083363 0.4961105 0.4845384 0.4710013 0.5653838 0.5518161
[183] 0.5522369 0.5492305 0.4830390 0.5521940 0.4610948 0.6295073 0.5520765
[190] 0.5348485 0.4958779 0.5093165 0.5163156 0.5157878 0.4686288 0.5632571
[197] 0.5192893 0.4595815 0.4925999 0.5261851 0.5149284 0.4955984 0.4924518
[204] 0.5463234 0.5296354 0.4832824 0.5500189 0.5179833 0.5352034 0.5599763
[211] 0.5405052 0.5167965 0.5216041 0.5604151 0.5020986 0.5355552 0.4908431
[218] 0.4875097 0.4900535 0.5464724 0.4821763 0.5248033 0.4579163 0.5073171
[225] 0.4913961 0.4650032 0.5374828 0.5133971 0.5513723 0.4935618 0.5328659
[232] 0.5180576 0.5135502 0.5108830 0.5081834 0.4940939 0.5242888 0.5102273
[239] 0.5438582 0.4907775 0.5348798 0.5024384 0.5145493 0.5423573 0.5287718
[246] 0.5072731 0.4941709 0.4926173 0.5078284 0.4913375 0.4891379 0.5586254
[253] 0.5501250 0.5642282 0.4722452 0.5316088 0.5157545 0.5287890 0.5951648
[260] 0.5113992 0.5261624 0.5482202 0.4989659 0.5292597 0.5887606 0.5206973
[267] 0.5107201 0.5337568 0.5175588 0.6125239 0.5236864 0.5004089 0.4993102
[274] 0.4956516 0.4952145 0.4876750 0.5505383 0.5213747 0.5378179 0.5299855
[281] 0.4812032 0.4799639 0.5415261 0.5603264 0.5401081 0.4658619 0.5301320
[288] 0.5570666 0.5145782 0.4993227 0.5342678 0.5021516 0.4986763 0.5267097
[295] 0.4975884 0.5401071 0.5438645 0.4936719 0.5394059 0.4852174 0.5180120
[302] 0.5540886 0.5853799 0.5164246 0.5012242 0.4833047 0.5476467 0.4807410
[309] 0.4739190 0.5534735 0.5296659 0.5039966 0.5628693 0.5438918 0.5705947
[316] 0.5166619 0.5255233 0.6208117 0.5064538 0.5741315 0.4761495 0.4970496
[323] 0.5349674 0.5075253 0.5154619 0.4977765 0.4862824 0.5338643 0.5251188
[330] 0.5046425 0.5032591 0.5190122 0.5168093 0.5321256 0.5206470 0.5519033
[337] 0.4991057 0.5259887 0.5504027 0.4743294 0.5711699 0.5222087 0.4913040
[344] 0.4833268 0.5267408 0.4964259 0.5699828 0.5187818 0.4532937 0.5099945
[351] 0.5443266 0.5397420 0.4555867 0.5261076 0.5489082 0.5135800 0.5709217
[358] 0.5334983 0.5197119 0.5212979 0.5210183 0.5379351 0.4664892 0.4861710
[365] 0.5384675 0.5288530 0.5368792 0.5487440 0.5292914 0.4806119 0.5116964
[372] 0.5002697 0.5389853 0.5541590 0.5485522 0.5359968 0.5320614 0.5354637
[379] 0.5431390 0.5751223 0.4598945 0.5225452 0.5633088 0.5293655 0.4934205
[386] 0.5451447 0.4779387 0.4971494 0.5247147 0.5586353 0.4857062 0.5887520
[393] 0.4955286 0.5141300 0.5791915 0.5043601 0.5190274 0.5564219 0.5172821
[400] 0.5508159 0.5710243 0.4794377 0.5504232 0.5221937 0.4854380 0.5129705
[407] 0.5246361 0.5335122 0.5782662 0.5647170 0.4802488 0.5145339 0.4960280
[414] 0.4971617 0.5155804 0.5774082 0.4914606 0.5367308 0.4926233 0.4939137
[421] 0.5465541 0.4987004 0.5602840 0.4751773 0.5160262 0.4782019 0.5176313
[428] 0.5561299 0.5700031 0.4738595 0.5405073 0.5064715 0.5174985 0.5150629
[435] 0.5022707 0.5039360 0.5267884 0.5157548 0.5255397 0.5218790 0.5503409
[442] 0.5352963 0.5253107 0.5277120 0.5193703 0.5491964 0.5279900 0.5899628
[449] 0.5776615 0.5094722 0.5946160 0.5403462 0.5492753 0.4749555 0.4801653
[456] 0.5856558 0.5168512 0.5177659 0.5617249 0.4501683 0.4698355 0.5122705
[463] 0.5245257 0.5128507 0.5361616 0.5358909 0.5570926 0.5437719 0.5497333
[470] 0.5501673 0.5028554 0.4873336 0.5353099 0.5925725 0.5073801 0.5446271
[477] 0.4923810 0.5014770 0.5570840 0.5350485 0.5283536 0.5748809 0.5317068
[484] 0.4733309 0.5382472 0.4883776 0.5500350 0.4976739 0.4916327 0.4995413
[491] 0.5054312 0.4531005 0.5179925 0.4764860 0.5082557 0.5243224 0.5588091
[498] 0.5782207 0.4985712 0.5436616

$clin_v_all
            [,1]        [,2]
  [1,] 0.8760279 -0.16976933
  [2,] 0.6402158 -0.15641051
  [3,] 0.7703508 -0.17557362
  [4,] 0.7585758 -0.16280029
  [5,] 0.6738656 -0.17114776
  [6,] 0.6684257 -0.11152066
  [7,] 0.7351769 -0.18677064
  [8,] 0.8012332 -0.16081176
  [9,] 0.6701414 -0.20181202
 [10,] 0.7465428 -0.15656127
 [11,] 0.8062486 -0.09977449
 [12,] 0.7185967 -0.18482169
 [13,] 0.6822516 -0.16872929
 [14,] 0.7443507 -0.18877544
 [15,] 0.7812366 -0.16830995
 [16,] 0.7380266 -0.08006115
 [17,] 0.6841174 -0.13250361
 [18,] 0.6438381 -0.19517318
 [19,] 0.7613274 -0.20351516
 [20,] 0.6848126 -0.12105432
 [21,] 0.6386315 -0.21780721
 [22,] 0.8402924 -0.20901757
 [23,] 0.6384243 -0.15724441
 [24,] 0.7404037 -0.18752809
 [25,] 0.7388773 -0.25729363
 [26,] 0.6719584 -0.16942747
 [27,] 0.6554230 -0.06890981
 [28,] 0.7804776 -0.14273968
 [29,] 0.7685268 -0.14025747
 [30,] 0.7972824 -0.17066722
 [31,] 0.7091264 -0.19183093
 [32,] 0.5899858 -0.11906471
 [33,] 0.7117154 -0.16126222
 [34,] 0.6439791 -0.15286494
 [35,] 0.7282564 -0.19139526
 [36,] 0.7847587 -0.17295675
 [37,] 0.6879710 -0.14054979
 [38,] 0.7162740 -0.19632705
 [39,] 0.7965897 -0.13837040
 [40,] 0.6703143 -0.17654135
 [41,] 0.7571572 -0.12789733
 [42,] 0.7714100 -0.17363211
 [43,] 0.7533514 -0.21340790
 [44,] 0.7270991 -0.21049926
 [45,] 0.8238152 -0.18735954
 [46,] 0.6858205 -0.14714784
 [47,] 0.6612461 -0.18479321
 [48,] 0.8017470 -0.25019709
 [49,] 0.6865997 -0.15591039
 [50,] 0.7182562 -0.14253332
 [51,] 0.7487903 -0.14974144
 [52,] 0.7278413 -0.12875561
 [53,] 0.6780445 -0.13301457
 [54,] 0.8255925 -0.21190470
 [55,] 0.7185562 -0.16276158
 [56,] 0.7119584 -0.17333452
 [57,] 0.7313539 -0.15401535
 [58,] 0.7478336 -0.17204965
 [59,] 0.6781711 -0.13551869
 [60,] 0.7321164 -0.16215200
 [61,] 0.7394238 -0.12685870
 [62,] 0.7857298 -0.19384081
 [63,] 0.7288210 -0.25307870
 [64,] 0.6860052 -0.15734164
 [65,] 0.7342256 -0.13889232
 [66,] 0.7048592 -0.16681070
 [67,] 0.6910918 -0.18954429
 [68,] 0.6762168 -0.19858713
 [69,] 0.6293718 -0.15272149
 [70,] 0.7360384 -0.15665678
 [71,] 0.7721119 -0.14077993
 [72,] 0.6947658 -0.07816399
 [73,] 0.6525185 -0.23967659
 [74,] 0.6849939 -0.17132282
 [75,] 0.6535387 -0.21769779
 [76,] 0.7583075 -0.15381041
 [77,] 0.6977175 -0.13915260
 [78,] 0.7815858 -0.20513985
 [79,] 0.6898464 -0.20484626
 [80,] 0.7747676 -0.19370236
 [81,] 0.6732357 -0.16463122
 [82,] 0.7396276 -0.15115397
 [83,] 0.6682416 -0.16160137
 [84,] 0.7550573 -0.12661708
 [85,] 0.7352316 -0.16965380
 [86,] 0.6186989 -0.14477063
 [87,] 0.6006628 -0.03745715
 [88,] 0.6511221 -0.13617676
 [89,] 0.7659906 -0.16244215
 [90,] 0.6686976 -0.16718653
 [91,] 0.6581723 -0.20343995
 [92,] 0.7617298 -0.17828011
 [93,] 0.6812074 -0.19825532
 [94,] 0.7710333 -0.16098742
 [95,] 0.7452078 -0.12070545
 [96,] 0.7577080 -0.21014845
 [97,] 0.7095547 -0.18220382
 [98,] 0.5202354 -0.15243501
 [99,] 0.6625515 -0.18091779
[100,] 0.7374616 -0.13372559
[101,] 0.6370029 -0.15936107
[102,] 0.7988507 -0.10829409
[103,] 0.7176293 -0.16865930
[104,] 0.6904080 -0.18787787
[105,] 0.7313002 -0.12679440
[106,] 0.6741708 -0.17265019
[107,] 0.6951144 -0.12402497
[108,] 0.7224245 -0.16901649
[109,] 0.7180751 -0.12209852
[110,] 0.7384418 -0.16650745
[111,] 0.6976223 -0.23234568
[112,] 0.6555790 -0.19849294
[113,] 0.7977119 -0.15192678
[114,] 0.7618427 -0.08234967
[115,] 0.7709493 -0.15864101
[116,] 0.6875873 -0.12413889
[117,] 0.6739821 -0.18110074
[118,] 0.6604887 -0.11428953
[119,] 0.6560768 -0.16044215
[120,] 0.7480845 -0.16474007
[121,] 0.7787162 -0.10736012
[122,] 0.5557771 -0.13780786
[123,] 0.7192445 -0.13708156
[124,] 0.7579487 -0.20051281
[125,] 0.8163528 -0.13987600
[126,] 0.7607955 -0.12565302
[127,] 0.7062258 -0.12345287
[128,] 0.7386925 -0.13089844
[129,] 0.7933807 -0.18127817
[130,] 0.6843294 -0.15550477
[131,] 0.7002975 -0.17826039
[132,] 0.7546951 -0.18446904
[133,] 0.8411254 -0.15857536
[134,] 0.7677020 -0.14499512
[135,] 0.7465157 -0.14762932
[136,] 0.7582384 -0.17162001
[137,] 0.7949305 -0.16651881
[138,] 0.6244715 -0.07154478
[139,] 0.6997379 -0.16420694
[140,] 0.6872281 -0.12944773
[141,] 0.7764564 -0.17202346
[142,] 0.7024096 -0.13761431
[143,] 0.6758167 -0.18819287
[144,] 0.6945480 -0.16754892
[145,] 0.7155749 -0.18414348
[146,] 0.6179999 -0.13252691
[147,] 0.7500610 -0.19749966
[148,] 0.6617824 -0.18751161
[149,] 0.7252726 -0.20129029
[150,] 0.6206941 -0.16089500
[151,] 0.7645051 -0.16408572
[152,] 0.7482609 -0.14369565
[153,] 0.7143123 -0.19411999
[154,] 0.7608272 -0.18327470
[155,] 0.6810717 -0.12727629
[156,] 0.7385051 -0.17378778
[157,] 0.8377963 -0.11300007
[158,] 0.7263855 -0.17302237
[159,] 0.7109162 -0.19302678
[160,] 0.7618816 -0.11946466
[161,] 0.7365061 -0.12108399
[162,] 0.7154287 -0.16321133
[163,] 0.7115953 -0.21806817
[164,] 0.6969477 -0.15613851
[165,] 0.7552782 -0.15808687
[166,] 0.7537196 -0.15353993
[167,] 0.7025497 -0.15050773
[168,] 0.6923109 -0.11939703
[169,] 0.7263156 -0.20026400
[170,] 0.6908960 -0.17651436
[171,] 0.6674972 -0.12043291
[172,] 0.8228716 -0.20784770
[173,] 0.8270474 -0.16325823
[174,] 0.6399430 -0.15469055
[175,] 0.8068140 -0.15745880
[176,] 0.7269434 -0.17580053
[177,] 0.7734694 -0.09781740
[178,] 0.7163485 -0.21022268
[179,] 0.7093762 -0.14167057
[180,] 0.7720499 -0.18144720
[181,] 0.7418673 -0.16355986
[182,] 0.7939970 -0.15732612
[183,] 0.7852659 -0.13924720
[184,] 0.6941324 -0.15924110
[185,] 0.7429711 -0.10671902
[186,] 0.7332881 -0.16515403
[187,] 0.7931822 -0.15556396
[188,] 0.7424523 -0.18350315
[189,] 0.6559835 -0.08667418
[190,] 0.8622741 -0.16038422
[191,] 0.7560447 -0.11304675
[192,] 0.7191599 -0.13606792
[193,] 0.7612140 -0.18455729
[194,] 0.8070270 -0.11431141
[195,] 0.7117013 -0.13599790
[196,] 0.8106166 -0.14360946
[197,] 0.6340328 -0.12159351
[198,] 0.6996756 -0.14726474
[199,] 0.7301849 -0.17870161
[200,] 0.7320527 -0.15969646
[201,] 0.7410643 -0.12628514
[202,] 0.8293111 -0.17960287
[203,] 0.7351808 -0.12447241
[204,] 0.6925787 -0.19201213
[205,] 0.6603305 -0.10001337
[206,] 0.7563833 -0.15434753
[207,] 0.7841793 -0.17530140
[208,] 0.7092512 -0.18660071
[209,] 0.6605005 -0.12785461
[210,] 0.7078316 -0.15292113
[211,] 0.6585237 -0.21023443
[212,] 0.6955478 -0.17412350
[213,] 0.7107759 -0.13079612
[214,] 0.6771308 -0.21018664
[215,] 0.7611048 -0.12858955
[216,] 0.8093130 -0.16308483
[217,] 0.7220007 -0.17014328
[218,] 0.6689002 -0.12197488
[219,] 0.7462809 -0.15435241
[220,] 0.7987821 -0.14932874
[221,] 0.6622286 -0.14614039
[222,] 0.6483060 -0.17755326
[223,] 0.6759617 -0.15508561
[224,] 0.6267479 -0.16883755
[225,] 0.7115534 -0.19729279
[226,] 0.6979043 -0.15751481
[227,] 0.7737411 -0.16782242
[228,] 0.7141660 -0.14435219
[229,] 0.7295902 -0.15310778
[230,] 0.8307777 -0.18855049
[231,] 0.6445942 -0.11906061
[232,] 0.6932060 -0.18758121
[233,] 0.7316640 -0.25021466
[234,] 0.6509131 -0.16585761
[235,] 0.6671835 -0.16995688
[236,] 0.6596306 -0.15350179
[237,] 0.7492156 -0.12284296
[238,] 0.7534629 -0.16399933
[239,] 0.8403575 -0.10427228
[240,] 0.8066613 -0.22057406
[241,] 0.6296969 -0.10148367
[242,] 0.6865826 -0.16837632
[243,] 0.7354224 -0.14901729
[244,] 0.7255768 -0.12931784
[245,] 0.6797980 -0.18350552
[246,] 0.6415816 -0.07660610
[247,] 0.7155997 -0.18919219
[248,] 0.8486889 -0.15025533
[249,] 0.7118976 -0.14066395
[250,] 0.6327729 -0.15336665
[251,] 0.6377795 -0.22831598
[252,] 0.7741536 -0.17201914
[253,] 0.7785197 -0.16443804
[254,] 0.7907360 -0.14081665
[255,] 0.7476903 -0.10306475
[256,] 0.6848352 -0.19367719
[257,] 0.6918403 -0.12889560
[258,] 0.7203321 -0.21573792
[259,] 0.6999852 -0.13793326
[260,] 0.8388805 -0.15584881
[261,] 0.6803241 -0.15428125
[262,] 0.6808754 -0.14151804
[263,] 0.7423838 -0.21004363
[264,] 0.6878910 -0.16643590
[265,] 0.7311882 -0.15964426
[266,] 0.7841879 -0.14965560
[267,] 0.6366121 -0.14367818
[268,] 0.7080400 -0.18055722
[269,] 0.6673853 -0.16418738
[270,] 0.8020722 -0.09136486
[271,] 0.6984494 -0.14877244
[272,] 0.7247303 -0.15510038
[273,] 0.7463834 -0.13081275
[274,] 0.8072338 -0.13503842
[275,] 0.6482836 -0.14616565
[276,] 0.7925387 -0.13364325
[277,] 0.7357803 -0.13016143
[278,] 0.8102651 -0.11799822
[279,] 0.7213651 -0.22368214
[280,] 0.7696541 -0.20805613
[281,] 0.6735384 -0.18476977
[282,] 0.8056804 -0.14957499
[283,] 0.7632488 -0.17396671
[284,] 0.7245713 -0.13778708
[285,] 0.8043641 -0.18899815
[286,] 0.7391408 -0.17066563
[287,] 0.6823064 -0.14600917
[288,] 0.7622714 -0.19101433
[289,] 0.7706081 -0.19441494
[290,] 0.7637307 -0.09785370
[291,] 0.7688686 -0.13701827
[292,] 0.6408546 -0.10676771
[293,] 0.6986482 -0.19705953
[294,] 0.6980580 -0.17983625
[295,] 0.8307145 -0.19375369
[296,] 0.7906573 -0.12391162
[297,] 0.7061256 -0.11160155
[298,] 0.7693289 -0.17197413
[299,] 0.6450752 -0.13471980
[300,] 0.7445790 -0.17315642
[301,] 0.7729801 -0.11029169
[302,] 0.6200065 -0.19102696
[303,] 0.6823175 -0.14276696
[304,] 0.7435763 -0.11696362
[305,] 0.7820438 -0.19254985
[306,] 0.7442627 -0.12956880
[307,] 0.6886121 -0.08248609
[308,] 0.7747520 -0.18201829
[309,] 0.8657072 -0.13487144
[310,] 0.6815589 -0.18809496
[311,] 0.6892603 -0.09284796
[312,] 0.6861781 -0.20151149
[313,] 0.7220811 -0.16300666
[314,] 0.7548444 -0.14242370
[315,] 0.6598762 -0.10170874
[316,] 0.6687682 -0.14196504
[317,] 0.7437413 -0.22358659
[318,] 0.7269999 -0.19818771
[319,] 0.7865801 -0.15060089
[320,] 0.8444468 -0.14906713
[321,] 0.6956174 -0.19434966
[322,] 0.7307355 -0.19171902
[323,] 0.7571275 -0.14136299
[324,] 0.7202841 -0.18305910
[325,] 0.7296854 -0.16925782
[326,] 0.7733479 -0.14556250
[327,] 0.7229451 -0.17228770
[328,] 0.6656899 -0.13175427
[329,] 0.7317348 -0.16869369
[330,] 0.7744110 -0.23102557
[331,] 0.6892074 -0.11487616
[332,] 0.7188731 -0.20765486
[333,] 0.7860645 -0.17884308
[334,] 0.7340111 -0.16906499
[335,] 0.7254620 -0.14293884
[336,] 0.7976649 -0.16273748
[337,] 0.6508774 -0.18576691
[338,] 0.7648951 -0.15292213
[339,] 0.7370765 -0.13302714
[340,] 0.7479375 -0.16802345
[341,] 0.6594392 -0.16451063
[342,] 0.8338609 -0.17847579
[343,] 0.7113192 -0.15838506
[344,] 0.6943837 -0.10805188
[345,] 0.7460521 -0.16101490
[346,] 0.8194032 -0.18852473
[347,] 0.6708204 -0.09625952
[348,] 0.7390466 -0.12931774
[349,] 0.8204084 -0.14133389
[350,] 0.6641959 -0.15612804
[351,] 0.6769167 -0.11606777
[352,] 0.6986564 -0.13165142
[353,] 0.7611787 -0.17126225
[354,] 0.6787220 -0.16541224
[355,] 0.7537460 -0.18107340
[356,] 0.7014292 -0.16183685
[357,] 0.6442551 -0.12455421
[358,] 0.7508504 -0.09900791
[359,] 0.7340791 -0.18780102
[360,] 0.7984128 -0.09217152
[361,] 0.6491218 -0.14938468
[362,] 0.7340811 -0.18959149
[363,] 0.7095905 -0.15508949
[364,] 0.8366683 -0.15781901
[365,] 0.8183115 -0.09880198
[366,] 0.7601344 -0.18528410
[367,] 0.6730836 -0.14868267
[368,] 0.7738327 -0.15089954
[369,] 0.7008437 -0.14526368
[370,] 0.5655480 -0.15546065
[371,] 0.8289466 -0.21934763
[372,] 0.6788730 -0.16279795
[373,] 0.7218316 -0.17106814
[374,] 0.6514698 -0.19644094
[375,] 0.6957843 -0.11038657
[376,] 0.7525399 -0.10786757
[377,] 0.7629307 -0.21184095
[378,] 0.7188391 -0.08809778
[379,] 0.7513551 -0.16329999
[380,] 0.7315021 -0.12718498
[381,] 0.6848716 -0.11010721
[382,] 0.7531068 -0.12193437
[383,] 0.7200433 -0.13611166
[384,] 0.8130826 -0.12275984
[385,] 0.6133989 -0.14604852
[386,] 0.8205542 -0.19328501
[387,] 0.6816782 -0.14961351
[388,] 0.7839464 -0.12172608
[389,] 0.7442179 -0.09938081
[390,] 0.6757901 -0.13088489
[391,] 0.5291116 -0.16835291
[392,] 0.7474966 -0.16861288
[393,] 0.7058132 -0.13188501
[394,] 0.7436543 -0.14006078
[395,] 0.7590823 -0.14294766
[396,] 0.7345005 -0.16699154
[397,] 0.7356155 -0.18675743
[398,] 0.8447766 -0.15473925
[399,] 0.6817961 -0.14288275
[400,] 0.7145984 -0.17100203
[401,] 0.7080008 -0.11286975
[402,] 0.6635549 -0.12692960
[403,] 0.7101385 -0.17320521
[404,] 0.7661802 -0.17878698
[405,] 0.7150318 -0.14973548
[406,] 0.7059771 -0.14948317
[407,] 0.6959521 -0.15801417
[408,] 0.7083161 -0.17995600
[409,] 0.7220276 -0.11789424
[410,] 0.5839726 -0.13747222
[411,] 0.7252656 -0.18636213
[412,] 0.7230348 -0.14049997
[413,] 0.6349435 -0.18780968
[414,] 0.7081975 -0.13427053
[415,] 0.7234620 -0.18849132
[416,] 0.7141867 -0.17456761
[417,] 0.7287399 -0.16569540
[418,] 0.7546945 -0.16230131
[419,] 0.7320813 -0.12910322
[420,] 0.6958038 -0.16370969
[421,] 0.6105213 -0.23241709
[422,] 0.7584721 -0.17795031
[423,] 0.6877907 -0.10323096
[424,] 0.7156390 -0.20355213
[425,] 0.7614475 -0.20200036
[426,] 0.8430922 -0.14727833
[427,] 0.6571326 -0.16059360
[428,] 0.7805200 -0.21685947
[429,] 0.7253724 -0.13188100
[430,] 0.7578629 -0.16603572
[431,] 0.7766405 -0.16124042
[432,] 0.6963299 -0.15169942
[433,] 0.7724708 -0.22061263
[434,] 0.7298752 -0.12882975
[435,] 0.6921661 -0.15385503
[436,] 0.7746401 -0.12911001
[437,] 0.6523756 -0.12089718
[438,] 0.7973635 -0.12410794
[439,] 0.6966949 -0.16816709
[440,] 0.7276943 -0.21979834
[441,] 0.6877488 -0.15274978
[442,] 0.7833176 -0.20725845
[443,] 0.6565882 -0.20687694
[444,] 0.7243350 -0.17831433
[445,] 0.6586212 -0.12159562
[446,] 0.8337877 -0.13550466
[447,] 0.7542255 -0.12960742
[448,] 0.6463398 -0.14757775
[449,] 0.7457355 -0.15480222
[450,] 0.7459408 -0.19432518
[451,] 0.6363059 -0.16918783
[452,] 0.8005134 -0.20010092
[453,] 0.7768195 -0.17802799
[454,] 0.8202111 -0.13141145
[455,] 0.7037221 -0.23476264
[456,] 0.7263231 -0.14339172
[457,] 0.7379002 -0.13376473
[458,] 0.6790409 -0.05376742
[459,] 0.7471233 -0.13695127
[460,] 0.7518993 -0.13470028
[461,] 0.7315442 -0.09392323
[462,] 0.7155508 -0.14422429
[463,] 0.6159699 -0.20911938
[464,] 0.5777924 -0.11619076
[465,] 0.7244765 -0.19885440
[466,] 0.8515656 -0.13903969
[467,] 0.7972369 -0.21332199
[468,] 0.7448783 -0.18829766
[469,] 0.6956560 -0.17430491
[470,] 0.7508587 -0.22705094
[471,] 0.7512304 -0.14437129
[472,] 0.6330022 -0.14689035
[473,] 0.5987445 -0.21526981
[474,] 0.7245717 -0.17454331
[475,] 0.6616077 -0.15986934
[476,] 0.6065642 -0.16908963
[477,] 0.6518830 -0.16526446
[478,] 0.7319891 -0.14136527
[479,] 0.6465372 -0.16510350
[480,] 0.6466121 -0.20489870
[481,] 0.6927693 -0.19985834
[482,] 0.7945167 -0.11693667
[483,] 0.6608442 -0.21374321
[484,] 0.6701933 -0.16876245
[485,] 0.7584418 -0.15491893
[486,] 0.7674861 -0.20091011
[487,] 0.7994742 -0.16839081
[488,] 0.8108666 -0.14510261
[489,] 0.8342857 -0.20677546
[490,] 0.7068453 -0.14838268
[491,] 0.7219911 -0.18287852
[492,] 0.8773615 -0.20508244
[493,] 0.7869982 -0.16867307
[494,] 0.7163256 -0.14677573
[495,] 0.6028775 -0.21056922
[496,] 0.6469539 -0.16055712
[497,] 0.6984896 -0.19720378
[498,] 0.7896254 -0.20349946
[499,] 0.7503324 -0.16884814
[500,] 0.8009771 -0.16520162

